801
  11   41     -2.837      0.168    -69.061
   7    4      6.719      6.585    -71.691
  21  184      3.265      6.429    -71.005
   2    7      4.242      5.677    -70.882
   8   64      4.082      3.220    -71.185
 745   24      4.030     -4.958    -70.694
   3   92      1.354      9.458    -72.015
  45  398      4.518      8.624    -70.405
 343   11     -1.541      8.910    -68.978
  28   14      0.986     -6.949    -69.285
  -1    9    -10.476     -3.771    -73.230
  73   16      5.837      0.050    -68.091
  19   30      1.159     -7.297    -71.896
  16  186     -6.211      7.415    -71.351
  75   90      4.148      9.645    -66.934
  49   18     -3.733      0.352    -68.447
  34   28      0.555      5.179    -69.646
  15  361     -4.095      6.012    -73.667
  47   12    -12.063     -5.213    -71.517
  13    2      4.033      4.091    -71.757
  -1   44      3.365      5.929    -68.780
 370   59     -2.263     -7.598    -70.281
  32   -2     -3.287    -10.000    -72.421
  24   38     -7.268     -1.897    -68.425
  23   10     -4.340      8.285    -67.739
  27    8    -10.714     -0.262    -71.769
   6  154     -0.050     -3.696    -70.071
  -1  346      6.534     -3.776    -73.729
  97   48     -0.382     -9.277    -72.255
  44   34      1.356      8.336    -66.828
   9  192      0.508     -0.950    -71.111
 347    6      1.773     -0.816    -69.690
 121  338     -7.745     -1.979    -74.056
 181   50     12.959     -5.404    -73.888
 368  115      7.385      4.051    -72.770
  29   53     -2.179      6.577    -66.625
  22   26     -6.421     10.803    -68.663
 743  475      5.132     -6.849    -71.027
  52  233      7.040     -0.312    -67.784
  -1   77     -5.963      4.795    -74.266
 778  519     -1.392      8.806    -61.054
  41   32     -6.569     11.571    -63.539
  60  350      2.142      2.927    -68.644
  55   43      1.782     -2.724    -67.324
  14   31     10.845      4.499    -70.529
 366   52      0.363     -0.169    -71.608
 108   20      9.135      1.623    -64.690
 125  417     -0.779     -7.180    -69.296
  10  352      2.863     -7.139    -64.898
 107  464     -9.310     -0.111    -68.524
  94   74      7.548     -5.662    -67.323
  -1  377     -4.003      8.165    -64.150
  18    0      1.389      6.879    -70.761
  -1  150     -8.298      2.672    -63.625
  -1  149     -7.479     -7.243    -67.112
  68   60      7.813     -1.457    -66.222
 286  101      3.486    -11.600    -76.918
  51  185     -8.263      9.410    -73.102
   1   22      9.957      4.973    -72.853
  -1   45    -13.463     -0.741    -76.516
  59   54     -0.183     -2.613    -65.656
  65   76     -2.862      9.153    -64.544
  20  124      2.688     -7.408    -72.178
  17    1      0.348      6.416    -72.404
  62   88     -3.245      5.663    -64.242
  -1   83     -1.314      3.464    -64.422
 101   67      9.358      0.138    -63.122
 183   17     -2.327     -6.595    -70.415
 102   56    -10.916     -4.714    -71.577
  56   62      8.218      0.425    -68.113
  90  380      2.678      2.582    -69.129
  72   70    -10.665     -2.713    -67.065
 151  168    -12.393      7.256    -68.423
 148   -2     -0.642      5.073    -64.681
 166   66     -0.895     -7.950    -67.798
 364  122      3.284    -10.735    -68.293
 359  119      1.054      3.588    -68.090
 394   85      3.372      0.302    -61.762
  96   51     -8.959      5.392    -69.160
 764  148     -5.785      9.808    -74.721
  -1   -2     -4.444     -9.025    -63.952
 344  117     -2.140     -4.647    -68.258
  -1   -2      8.263      9.631    -63.623
  80  105     -0.468      9.195    -64.536
 110   69      0.982     -3.550    -71.649
  74  139      3.879     -1.102    -59.558
 180  177    -10.018      6.949    -71.235
 401   71    -11.590      8.206    -67.387
  -1   -2     -4.837     10.354    -67.293
 112   94      6.017     -2.043    -64.714
 155  114      5.113    -12.878    -65.782
  -1   -2     -5.472      8.169    -64.301
  54  165     12.765     -7.681    -72.133
 301   -2      2.004     -7.013    -72.208
 744   36      3.360    -10.353    -71.648
 208   72    -11.575      9.195    -69.149
  39   68     -4.853     -4.274    -68.917
 164  132      9.570      3.649    -67.807
 104  142      1.569    -11.418    -69.786
 365  104     12.949      3.296    -67.627
 243  129      0.523     13.018    -66.202
 106  121     -9.445     -8.138    -69.419
  76   -2     -0.382     -6.501    -62.240
  -1   -2     -1.897     -6.064    -67.850
 192  385     13.012      8.710    -73.513
 245  780      1.118     -1.110    -63.477
 379   78    -12.576     -2.661    -66.835
  79  215     -9.447     -0.719    -63.173
 144  505     -3.812      3.823    -64.083
   4  128     -6.963      8.559    -72.988
 141   87      0.710      1.829    -65.611
 184   19     -0.878     -1.534    -66.467
 131  264     -8.072      6.307    -65.089
 382  374     -6.849     -2.011    -65.584
 124  255     -6.130     -6.223    -69.605
 152   81      7.173      4.066    -64.614
  84  774      5.755      1.459    -63.622
 255  696    -15.574     11.997    -74.096
 165  367     -2.498     -9.584    -65.039
 420  134    -11.724      7.030    -74.411
  95  127     -6.305     -3.580    -63.652
 779   75      0.497    -11.682    -69.104
 158  230      8.059     -5.013    -71.149
  -1  136      7.567     -8.758    -63.290
 189  351      1.333     10.815    -63.224
  -1   -2     -6.044      3.109    -60.577
 234   61     -5.504     -2.751    -70.461
 237  234    -11.406     10.250    -65.891
 283  187      0.842    -12.425    -68.812
  -1   -2      2.987     -7.305    -66.913
 306  236      4.467     -3.397    -63.695
 185  285      8.667      5.391    -67.468
  -1  103      8.005      1.212    -67.607
 128   98     -9.794     -6.979    -64.149
 215  471     -5.730     -9.414    -73.557
 396   -2      3.849      0.853    -74.863
  99   97      0.096      9.042    -65.605
  -1  288      0.782      2.994    -73.269
 113  153      6.598      4.659    -64.189
 132  159      6.430     -5.763    -64.096
 170  158     -8.739      8.880    -66.598
   0  238     -0.475     -1.793    -73.096
 402  506    -12.063     12.084    -70.341
 217  261      1.109    -10.598    -68.647
 510  429      1.337     -1.501    -66.481
 373  141      8.253     -7.881    -63.788
 205  107      3.363      5.060    -64.392
  -1   -2     -6.994     -5.056    -76.865
 143  445     -2.930      4.226    -64.325
 146  418    -10.315     -6.872    -66.355
  -1  273     -7.498     -2.114    -62.717
 195  778    -12.393      6.734    -66.766
 119  157     -2.845      0.805    -60.978
  78  773     -8.402     11.262    -67.626
  64  339     -7.537      8.389    -70.521
  -1  144     12.688     11.747    -69.109
  69   49      2.678     -4.251    -68.419
 212  171      7.910      8.009    -65.296
  81  179    -11.569      7.286    -68.058
 129  245     10.556      3.146    -72.785
 145  370     -9.386     -9.106    -69.837
 115  421     -6.840     12.213    -64.012
 161  218      7.688     -7.079    -66.465
 398  191     -6.125     -4.960    -65.350
 116  189      1.474     -6.485    -66.427
 250  210     -4.597      3.414    -73.489
  -1   -2      1.172    -10.478    -62.134
 276  263     13.109     -9.315    -73.967
 120  108      0.187      9.619    -75.479
 100  116     -6.913     12.273    -70.036
  53  120     -5.737     -7.233    -70.709
 459  125      6.412      2.537    -67.050
  37  443    -10.138     -0.447    -74.569
  87   -2     11.722      6.725    -72.371
  -1  172    -12.081     -7.588    -63.925
 136  458     16.737     12.104    -70.852
 202  151      8.919    -12.016    -68.549
 378  146      3.126     -6.747    -72.545
 221  242     -1.013     -8.322    -66.985
 235  800      3.891      8.538    -64.769
 374   -2     12.482      3.039    -65.383
 156  228     14.162      2.215    -66.795
 179  183      5.805     -1.761    -62.580
 456  229     13.205     -1.377    -68.252
 236  226     10.857     -2.270    -66.748
 225  208     -8.349     -9.224    -65.426
 358  268    -15.647     11.377    -74.360
 407  166     -2.342      3.617    -65.320
 272  222     -0.726      1.933    -62.197
 213   13     10.479      3.607    -70.690
 229  235      8.292     -1.543    -63.945
 177  251      9.932      8.436    -66.612
  -1   -2     -4.569     -5.128    -61.969
 469  224      7.649      1.389    -66.182
 591   -2     -2.184     -0.738    -66.069
  92  207     11.754      1.002    -66.877
  40  231     10.810      9.057    -72.919
  -1   -2     -7.452     -6.138    -57.717
  -1  156      9.190      6.850    -65.590
 257  485      4.121      9.513    -64.675
 696  284     -5.461     -6.475    -71.825
 178  137    -10.576     -7.614    -70.517
 273  631      7.407      0.124    -71.003
 412   35      8.222     -0.576    -73.296
  91  106      4.363     10.606    -67.167
  -1   -2      9.706      3.341    -58.166
 239  223    -13.894     -4.966    -70.768
 556   -2     -0.502     -4.374    -71.621
 613  259      4.772     -0.046    -60.824
 140  470     -7.391      8.176    -60.318
 260  193      1.437      1.402    -65.543
 222   -2      6.506     -8.530    -66.359
 175  513     -6.693     -6.483    -63.339
 450  201     -2.582      6.737    -66.155
 240  397    -11.699      9.698    -74.579
  -1   -2      5.281     -7.970    -74.837
 188   86    -11.943    -11.459    -71.950
 386   -2      0.121      5.049    -64.869
 647  161     -5.488     -8.799    -69.488
  30   89      0.968     10.896    -70.998
 493  265      4.446     -7.840    -73.471
 214  534    -10.217      1.600    -64.731
  -1  553    -13.176     -2.295    -66.519
 147  163      4.380     -5.472    -69.798
 226  175      6.748     -4.023    -63.060
  -1   -2     -5.753      4.403    -61.518
 154  118      2.084      1.978    -76.478
  -1  246     10.254     -5.438    -62.436
  -1   -2      9.845      8.773    -60.974
 190  777     -6.139    -10.507    -68.564
 114  111    -15.422      0.455    -75.232
  -1   -2      9.902     -2.364    -74.728
  -1   -2      7.680     -9.691    -59.402
  -1  206      8.748      8.805    -64.302
  46  500     -9.572      9.607    -70.354
 586  488     -4.506    -11.947    -71.470
  -1  279      6.501      0.053    -75.673
 300  277     -6.670     -4.158    -76.625
  -1   -2     -5.097      3.401    -58.160
 501  212     -8.116     -7.891    -69.995
 345  801      4.735     12.539    -64.097
 750  244      5.433      7.717    -64.884
 173   -2      1.341      7.895    -76.199
  83  642     -3.909     10.711    -72.211
 231  196     -3.650     -8.838    -72.197
 279  253     -0.964    -10.537    -70.312
 532  237      5.488     -5.797    -72.384
  -1   -2    -11.955     12.555    -66.683
 511  790     -4.937     12.241    -67.712
 248   -2      5.519      2.922    -62.881
 109  199     -4.750     -7.877    -62.359
  -1    5      2.856     -1.326    -67.659
 585  275      1.070      6.376    -60.963
 303  783     -6.292     -3.496    -61.863
  -1   -2      2.771    -12.609    -66.006
  85   -2     -8.716      2.347    -67.450
 263  133      9.523     -3.022    -65.093
  -1   -2      9.868      1.710    -77.238
  -1   -2     14.736    -10.171    -71.148
 228   -2      8.937      0.046    -68.118
  -1   -2      7.505      5.560    -76.902
  71   23     -0.138      0.015    -69.062
 218  680     13.410      9.630    -68.427
 761  594    -10.008     -6.332    -73.663
 163  283     -9.529      6.353    -62.586
 149  145      5.211    -12.795    -66.851
 261  391     10.172     -8.533    -70.073
 312  411      6.366     -8.065    -64.801
  -1   -2     -5.853    -10.254    -74.437
 284  650    -10.378     -0.705    -61.579
  -1   -2     -7.929      4.647    -77.701
  -1  243      4.214      9.900    -71.892
  -1   -2      0.704     11.152    -68.460
  -1  266      0.789      8.834    -65.506
 363   15      5.325      0.382    -73.096
  98   -2    -11.046      8.028    -69.389
 785  182      6.995      2.937    -69.424
 756  287      9.377     -9.125    -69.663
  50  110     13.755     -4.776    -71.590
  -1  241    -15.175    -11.413    -70.376
 780   -2     11.735      4.134    -67.742
 318  220      8.304    -11.470    -69.051
  -1   -2    -14.589      7.086    -71.111
  -1   -2    -13.722     -0.758    -69.302
 663  181     -3.328    -10.365    -77.567
  -1  526      8.731      9.078    -65.258
 432  582      2.427     12.422    -71.345
 269  299     -2.927     -3.664    -73.267
  -1   -2     -6.824     -4.820    -61.780
 244   -2     -4.480      2.429    -69.207
 275  301     11.192     -9.970    -69.159
  -1   -2     13.661     11.599    -65.334
 139  622     10.050     -7.127    -63.248
  -1   -2     11.120      6.041    -73.671
  -1   -2     14.075     12.522    -71.135
  -1  476    -15.246     -3.334    -70.164
  -1   -2     13.211     -0.417    -70.900
 323  711     -8.696     10.663    -68.487
 480  587     16.501     -7.314    -70.951
  -1   -2     15.434      7.859    -67.160
 216  239      1.435      7.263    -65.097
 254  433    -12.439     12.707    -69.078
  -1  337     14.185     10.528    -65.909
  -1   -2     12.236     11.606    -67.232
 653   -2     13.940    -11.156    -70.451
 198  262      2.676     -2.762    -62.222
 308  784      2.781      7.481    -68.946
  -1  282     -6.110      1.599    -59.333
 278   -2     12.897      9.133    -69.062
 285  290      8.684     -1.598    -70.101
  -1   -2     -3.150    -11.226    -67.604
  -1   -2      0.164     -0.731    -62.725
  -1  535     -9.774     -4.093    -63.300
 292  667      0.864      4.966    -74.613
  -1   -2     12.353     -6.098    -65.029
  -1  426     -2.982      8.155    -76.248
  -1   -2     -5.140      6.288    -69.815
  -1   -2      5.263      8.642    -63.153
 418  292     -8.688     11.675    -76.657
  -1   -2     -0.960      1.063    -58.835
  -1   -2     -6.716      7.803    -87.896
 781  799      6.938      6.024    -72.143
  -1   -2     -8.851      4.717    -75.284
  -1   -2     -2.076    -10.910    -70.605
 289  304     -9.302     -1.943    -65.071
  -1  595    -11.191      0.458    -60.896
 747  155      3.407     10.688    -73.870
  -1   -2     15.738      7.595    -64.265
 319  314     13.591     -8.797    -71.883
 633  272     13.953      9.672    -70.561
  -1   -2    -11.172     -0.305    -63.265
  -1   -2      3.935     -1.218    -70.943
 701  797      3.090      4.280    -66.202
 669  795     -3.712     -2.088    -70.655
  -1   -2    -13.610     -0.266    -76.530
 626  555     -1.233     -1.694    -67.354
  -1   -2    -15.012     12.759    -70.254
  -1   -2      9.979      3.800    -66.683
  -1   -2     -2.800      3.173    -65.554
  -1   -2     -2.763      8.230    -66.518
  -1  313     -0.030     -0.285    -65.641
  -1   -2      3.932     10.001    -66.388
  -1   -2      1.915     -4.992    -72.645
 329  317      1.045      0.380    -64.510
  -1   -2     -6.651      6.740    -67.125
  57  441      5.994      7.377    -71.179
  -1   -2     15.734      0.875    -67.769
 539   47      4.610     -1.400    -73.180
 346  331      1.956      5.284    -73.846
  -1   -2      5.656     10.258    -72.607
  25  355      7.146      1.283    -70.352
  -1   -2     13.233     10.557    -81.464
  -1   -2    -14.054     -7.905    -67.572
  -1  349    -12.790    -12.426    -70.410
  61  358      0.125    -11.958    -69.914
 380   63     -1.660      4.738    -68.587
  48  130      8.403     -4.892    -68.423
 741   29     -2.228      6.731    -72.431
 371  786     -1.941    -11.692    -69.902
 201   79     -8.314     -0.327    -73.929
  -1   -2    -13.101      5.012    -72.184
  -1   -2     13.213     -7.855    -61.835
 172  406     -5.232     -5.687    -77.216
 349   27      3.107     -3.657    -74.091
 357   40      2.971      2.303    -71.572
 424  538     -4.169      8.413    -72.626
 362  123      1.474     -7.038    -63.077
  -1   -2     -1.211     -7.800    -52.670
 740   33     -6.837      5.877    -67.080
 399   80     -7.524     -8.241    -63.513
  -1   -2     -8.656      8.539    -63.653
  -1   -2    -11.218    -10.332    -87.040
 381  459      5.932      9.968    -70.093
  -1  372     -5.603     -4.096    -59.475
 361   93     -5.424      3.567    -62.352
  -1   -2     -8.723      8.298    -62.505
  -1   -2     -1.650      1.995    -58.144
  38   84     15.237     -3.843    -70.803
  31   -2    -13.948     -2.377    -68.948
 421   -2     -0.426      5.972    -62.359
  82  369     -5.066     -7.142    -64.643
  -1   -2     14.065     -7.374    -62.061
  -1  140     -4.425     -5.839    -62.581
 775  379      6.273      9.645    -68.009
  -1   -2     17.089     -2.511    -82.130
  -1  343     14.234     -4.008    -70.655
  70  247     -5.613      2.232    -66.203
 123  126      3.976     -9.390    -67.965
  -1  392     -5.462    -11.455    -62.248
  -1   -2      6.495      7.645    -73.333
 403  100     -4.027      1.119    -66.970
  -1   -2     -6.118      1.620    -68.523
 117  428      1.232      3.511    -63.519
 224  405      3.314     -8.584    -67.485
  -1   -2     12.453     -6.782    -67.675
 447  400      3.945     -8.748    -61.769
  -1   -2     -4.643      9.714    -61.014
  -1  344     -7.097    -10.723    -67.037
  -1   -2      3.569     12.881    -69.135
 437  788    -10.836    -10.585    -65.643
  93   82      1.420     -0.229    -67.936
 377  787      6.960     12.470    -67.447
 191   -2     -5.762     -0.402    -61.618
  -1  608    -11.786    -10.623    -70.722
  88  581      5.858      1.929    -67.358
  -1   -2      2.087     -3.444    -57.666
  -1   -2     17.534      4.452    -72.367
  -1   -2     -6.122     -0.675    -60.729
  -1   -2     -0.500     -8.476    -56.795
 135  434     10.122     -6.782    -73.636
 390  347     -9.271      1.986    -62.809
  -1   -2     16.191     -4.781    -76.630
 137   99     -7.086     -5.913    -64.813
  -1   91     -9.376      8.090    -68.129
  -1   -2     17.776    -12.374    -70.283
  -1   -2    -12.064      5.520    -70.006
  -1   -2     -8.947     -8.389    -60.788
  -1   -2    -14.953    -11.271    -76.153
  33   -2      4.780     -3.653    -66.253
  -1   -2      7.136      9.210    -72.131
  -1  162     -6.642     -6.097    -69.048
  -1   -2      4.987    -10.592    -70.501
  89  775     -4.650      5.790    -68.463
  -1   -2      7.623    -10.925    -63.192
 422   -2     -9.727    -10.545    -64.928
 241  493     -6.242     -1.071    -60.295
  -1   -2     17.008     10.706    -67.111
 122  395     -3.448    -11.473    -62.384
 360  214     -4.033      3.557    -62.967
  -1   -2     -9.039      1.983    -60.941
 352  345     10.734      8.412    -71.306
  -1   -2     -5.075      9.350    -64.330
 138  240    -11.785      2.527    -64.769
 455   -2    -11.310      5.543    -61.113
  -1   -2      9.108     -9.868    -63.608
  -1  481     -2.808     -1.272    -59.282
  -1   -2      3.821     -4.973    -55.990
  -1   -2      1.326     -0.204    -56.969
  -1   -2     -4.904      8.500    -67.790
 130  152     -7.584      0.269    -74.189
  -1   -2     -0.200     -9.238    -61.620
 153   -2    -11.065     -4.516    -62.124
  -1   -2      2.620      9.811    -85.564
  -1   -2     -7.114     -7.163    -60.712
 160   96    -12.162      1.011    -67.138
 103    3      2.391      4.643    -70.875
  -1   -2      4.419      3.054    -61.691
 603  424     -9.845      8.847    -62.611
 549   -2     10.484     -2.730    -66.792
  -1  176     -5.132      0.380    -67.115
  -1  436      4.475     -7.321    -73.740
 438  463      8.782     -4.568    -66.411
  -1   -2     -4.376     -4.647    -60.245
 443  305     11.318    -11.976    -70.184
  -1  455      7.455      0.103    -60.853
  -1  491     -8.866     10.900    -62.509
 375  477     -5.251      7.357    -59.302
  -1   -2      4.549      3.952    -61.686
  -1   -2      5.884     -9.900    -68.369
 295  782      5.816     11.455    -70.588
  -1  437    -11.717     12.207    -63.994
  -1   -2    -10.944      1.030    -78.023
 512  178      1.111      6.326    -71.456
  -1   -2    -10.028      2.715    -60.988
  -1   -2     -7.846     -5.891    -65.105
  -1   -2     -0.128      4.566    -73.574
  58  147     -9.544    -11.820    -71.305
  -1   -2      7.717      8.107    -53.838
  -1   -2     -7.932      0.701    -59.269
  -1  543    -10.574     -7.630    -62.876
 296   -2    -11.671      3.778    -64.055
  -1  427    -13.557     -3.984    -66.828
 553  420     -3.282     -5.594    -61.790
  -1   -2     10.695     -8.876    -60.083
  -1   -2      6.015     -6.386    -57.935
 468  423     -8.578     -4.348    -61.154
  -1   -2      4.547     12.514    -65.007
  -1  690     10.144     -0.943    -60.611
  -1   -2    -15.814     -7.933    -72.705
 383  425    -16.018    -10.398    -75.733
  -1   -2     13.715     -0.826    -61.960
  36   -2     -8.541    -10.754    -70.734
 247  271      8.982     -1.692    -66.264
  -1   -2      1.090      1.697    -68.977
 594  170      9.021     -9.348    -75.999
  -1   -2     -9.157    -12.693    -70.609
  -1   -2    -14.105    -11.512    -69.445
  -1   -2      0.951      3.283    -55.065
  -1   -2     -8.226    -11.618    -60.302
  -1   -2     -9.130     -3.992    -71.003
  -1   -2     14.998      4.344    -69.240
  -1  109    -15.065     -5.881    -68.960
 259   -2     -0.333     10.106    -70.660
  -1   -2    -10.639     -9.441    -58.954
 162   -2     -7.888      9.068    -63.733
  -1   -2      8.305     -2.410    -85.782
 470  502      9.291    -12.301    -73.976
  -1   -2      5.312     -5.203    -53.793
 252  528     -9.019     -4.511    -72.729
  -1   -2    -13.005     -4.074    -64.673
  -1   -2      3.185     -1.467    -75.174
 330   42      4.940      3.824    -67.834
  -1   -2     11.340      4.382    -63.879
  -1   -2      6.637     10.674    -72.987
  -1  438     13.962     -5.930    -64.128
 209  232     10.449     11.765    -71.113
  86   37      7.402     -2.299    -72.658
 650  542      2.712      6.348    -70.753
  -1   -2     15.345     -4.640    -65.370
  -1   -2      9.852      0.734    -74.486
  -1  296     -1.835     -7.520    -64.488
  -1   -2      2.328      0.341    -59.508
  -1  294      4.527    -10.678    -74.259
  -1   -2     10.224      7.866    -86.795
  -1   -2     -4.211    -10.915    -64.052
  -1   -2    -10.485     10.740    -58.060
  -1  310      9.768      8.081    -70.871
  -1   -2     13.817     -6.848    -63.023
  -1   -2     -7.145     10.018    -54.568
 518  653     -7.669     10.068    -57.776
  -1   -2     14.695      1.396    -69.877
  -1   -2      9.255     -7.166    -71.857
 742   -2     -8.764     -1.884    -69.449
 441  601     -6.929     11.697    -71.570
  -1  407    -12.002    -11.601    -66.873
  -1   -2    -16.134     -8.831    -73.194
 242   -2     -6.878      4.038    -65.735
 196  509      4.186      7.959    -60.887
  -1   -2     -2.711     10.377    -60.629
 268   -2      8.990      6.107    -60.970
  -1   -2     -8.771     -9.730    -74.473
 251  354     11.495      9.669    -69.606
  -1   -2     13.418     -5.320    -59.561
  -1   -2     10.761     -5.184    -85.808
  -1   -2     11.048     11.193    -64.220
  -1  457     -7.379     -0.970    -59.838
  -1   -2     -8.275      2.157    -77.908
 451  466      3.828     -1.185    -63.856
 405   -2      7.345     -0.330    -62.922
  -1   -2      9.677     -3.240    -60.686
  -1   73      7.325    -10.164    -72.659
  -1   -2    -12.944      0.126    -70.890
 290  802      0.003     -9.773    -73.027
  -1  386     -6.762    -12.216    -62.020
  -1   -2     11.833      8.622    -61.310
  -1   -2    -12.524     10.510    -63.797
  -1   -2     -7.504      0.155    -75.790
 169   -2     -2.024      9.034    -76.905
 499  527     16.677     -5.857    -65.734
 287  200     13.965      1.356    -62.369
  -1  468      6.777      2.927    -61.535
 309  286     12.069     -4.778    -68.169
  -1   -2     -2.617     12.430    -71.008
  -1   -2      7.670      4.232    -61.532
 262  213     -6.498     -3.119    -66.163
  -1  540     -0.895    -12.642    -72.462
  -1   -2      8.154      8.990    -70.723
  -1   -2    -15.475     -9.051    -74.754
  -1   -2     -4.553      3.382    -65.763
 783   -2      7.838     -9.571    -74.496
  -1   -2      9.972      4.036    -75.992
  -1   -2    -14.403      9.044    -70.734
  -1   -2     14.006      7.024    -64.620
  -1   -2     11.593      1.353    -62.675
  -1   -2     -3.050     -7.921    -67.690
  -1   -2      0.108      9.923    -63.685
 274  781     -1.003      0.186    -59.992
  -1   -2    -16.383     -8.353    -76.902
 328  785    -11.652      3.889    -72.631
  -1   -2     11.482     12.789    -64.499
  -1   -2    -10.323     11.727    -60.132
 551   -2      7.453      0.656    -59.023
  -1  628    -13.967      6.974    -65.646
  -1   -2     -5.559      9.556    -76.007
  -1   -2     14.429     10.089    -64.885
  -1   -2     -3.389      1.518    -77.887
  -1   -2      8.261     -4.688    -55.554
 618   -2     12.644    -12.107    -74.101
  -1   -2     -0.049     -2.378    -60.290
 485  579      2.677    -11.712    -59.639
 462  637     -6.240     -0.605    -77.457
  -1   -2     13.685     -8.158    -76.134
 544  611      5.430      9.644    -61.910
  -1   -2     -3.107      0.958    -55.404
  -1   -2     16.158     -3.937    -63.576
  -1   -2      6.776      2.741    -59.253
  -1   -2      6.868     11.868    -61.433
  -1   -2     16.703     -7.899    -75.153
  -1  269     -0.834      7.285    -73.990
  -1   -2      3.610      3.806    -64.673
 246  453    -11.785     10.862    -71.118
  -1   -2     -1.424      2.144    -61.011
  -1   -2      5.407    -11.418    -60.924
  -1   -2     16.059     11.973    -67.956
  -1   -2     16.318      5.199    -87.357
 753  656    -13.563     -1.479    -64.945
  -1   -2     -3.430     11.437    -57.608
  -1   -2    -12.081      6.057    -72.577
 571   -2     14.019     -6.076    -72.549
  -1   -2     -9.318     12.342    -63.323
  -1   -2      3.641     10.561    -59.134
  -1   -2     11.609     12.441    -63.702
  -1   -2      1.396      3.465    -55.289
  -1   -2    -11.128     -4.731    -66.151
 648   -2      8.318      9.347    -69.156
 466   -2     12.768     -4.174    -64.805
  -1   -2      3.527      2.089    -69.263
  -1   -2     -0.485     -7.289    -54.280
  -1   -2      0.080      7.533    -73.635
  -1   -2      2.265     -5.940    -54.072
 227   -2    -11.374     12.497    -69.587
  -1   -2      9.683      6.137    -73.652
 288  592      6.245      1.618    -59.162
  -1  682      3.702     -5.358    -58.201
  -1  494     14.454     -5.622    -68.011
  -1   -2     -2.816     -9.504    -72.431
  -1   -2     16.358    -10.704    -70.135
 634  794     -7.077    -10.812    -76.676
  -1   -2     10.830    -11.038    -62.491
  -1   -2    -12.481      2.650    -72.705
  -1   -2      8.369     -2.519    -73.137
 570   -2     13.811      1.993    -77.240
  -1   -2      5.630     11.376    -80.207
 604  131      8.568     -3.679    -70.263
  -1   -2     11.206    -12.523    -64.177
  -1   -2     -4.636     -0.146    -60.584
  -1   -2    -15.006    -12.562    -69.922
  -1   -2     -8.674     -0.792    -53.433
  -1   -2    -13.487      0.753    -77.378
  -1   -2     17.414     -5.318    -81.444
  -1   -2     -6.340      4.235    -61.489
  -1   -2     -8.328      3.997    -82.056
 614  635     -8.844      6.214    -69.220
  -1  726     -7.739     -0.196    -55.793
  -1   -2      6.502     -9.479    -70.173
  -1  721     -8.702     -5.703    -59.619
  -1   -2    -11.395     -1.956    -81.484
 738  312     -9.342      5.838    -66.023
  -1   -2      6.768    -11.107    -61.099
  -1   -2     13.351    -12.777    -63.402
  -1   -2      8.465      0.922    -57.912
  -1   -2     -4.597      4.501    -58.405
  -1   -2      0.217    -11.139    -59.623
  -1   -2     -1.343    -10.503    -72.203
 325   -2     13.554      0.721    -65.522
  -1  596     11.611     -9.489    -75.081
  -1   -2      4.560     -9.549    -60.641
  -1   -2      9.821     -0.290    -59.643
  -1   -2     -2.437      4.349    -56.685
  -1   -2     -8.996     11.676    -62.031
  -1   -2      3.609      3.727    -72.911
  -1   -2      1.916      3.123    -77.200
  -1   -2     -3.564     -1.594    -62.762
  -1   -2     12.449      0.410    -75.426
 541  791      8.650     -2.155    -74.366
 687   -2     -0.404      6.418    -75.751
  -1   -2     14.039     -4.179    -64.687
  -1   -2      2.472     -0.913    -60.034
  -1   -2      6.273     -0.707    -56.142
  -1   -2     -8.433      2.096    -69.041
  -1   -2    -11.743     13.587    -62.105
  -1   -2      4.293     11.257    -59.158
 681  796     14.288     -1.441    -64.017
 200   -2     12.679     -4.170    -69.726
  -1   -2    -14.873     11.681    -70.089
  -1   -2     -5.587      3.398    -78.116
  -1   -2     -6.755     -4.836    -55.550
  -1   -2      0.677     -0.586    -76.846
  -1   -2     -3.405     -1.009    -72.922
 625  793    -10.056     -4.098    -64.644
  -1   -2     -4.855      9.994    -77.411
  -1   -2    -10.241      9.202    -56.658
  -1   -2     15.855     -6.047    -61.524
  -1  686     -9.798     -8.868    -61.565
 267  549     -4.699     -7.517    -76.873
  -1   -2     14.192      6.091    -67.284
  66   -2     -3.160     -5.197    -64.723
  -1   -2     16.138     -4.295    -70.212
  -1   -2      6.957     -6.358    -73.291
 482  789     11.185     -7.860    -64.548
  -1   -2     15.415      7.973    -70.909
  -1   -2     12.843     10.019    -68.412
  -1   -2     -8.139    -10.026    -69.747
  -1   -2     13.422     -6.181    -63.554
  -1   -2    -13.092     10.899    -81.172
  -1   -2     -1.892    -12.458    -74.396
  -1   -2      6.272      4.001    -58.255
  -1   -2    -10.652     -3.889    -75.742
  -1   -2      5.463      8.670    -74.374
  -1   -2     -6.386     -3.531    -82.071
  -1   -2      5.997     -8.624    -59.621
  -1   -2    -14.598      6.535    -71.106
  -1   -2     17.737      2.994    -73.076
  -1   -2      2.238      9.320    -68.887
  -1  270      0.955     -4.478    -73.568
  -1   -2     -8.310     10.344    -55.477
  -1   -2      8.858     -7.588    -52.857
  -1   -2     17.220     11.244    -74.664
 193  504     13.737    -10.016    -68.157
  -1   -2     -8.164      1.188    -60.352
  -1   -2      1.547      6.595    -52.668
  -1   -2    -12.378     -1.591    -67.396
  -1   -2     14.196    -12.834    -76.637
  -1   -2     15.744     -7.389    -72.577
  -1   -2     14.841      7.543    -81.272
  -1   -2     13.191      7.842    -74.149
 640  640     17.105     -7.658    -65.150
  -1   -2      6.517     -2.877    -62.972
  -1   -2     -1.825    -12.917    -66.231
  -1   -2      9.192     10.016    -60.064
  -1   -2      9.753     -3.288    -61.228
  -1   -2      2.414     -2.620    -73.909
 310  330    -15.065      4.392    -71.876
  -1   -2    -13.578      2.897    -79.518
  -1   -2     10.715      9.506    -74.286
  -1   -2    -11.708      1.334    -60.340
 557   -2      9.444     -3.688    -63.620
  -1   -2     -0.481     -9.420    -66.494
  -1   -2     13.828     11.050    -73.956
  -1   -2      7.327      8.087    -65.866
  -1   -2     13.247     -9.849    -60.751
  -1  340      0.265     11.363    -74.257
  -1   -2     -2.156     -9.903    -71.520
  -1   -2     10.593      4.065    -57.275
  -1   -2    -10.796      8.215    -77.868
  -1  328      6.897      7.399    -66.111
  -1   -2     -1.193      5.087    -71.777
  -1   -2     -4.384      1.837    -55.579
  -1   -2     -4.349     -8.279    -63.521
  -1   -2     10.275      8.899    -58.791
  -1   -2     -6.093     -2.352    -85.351
  -1   -2      3.601     -4.361    -76.319
  -1   -2    -13.581      3.463    -76.542
  -1   -2      2.738      9.226    -76.674
  -1   -2     12.793     12.994    -68.801
  -1   -2     -9.624    -11.257    -73.240
  -1  598     10.501    -12.825    -72.970
  -1   -2      2.542      9.167    -65.251
  -1   -2      0.944     -1.815    -67.238
 486   -2     10.591      0.075    -68.504
  -1   -2     -0.215     -7.726    -65.022
  -1   -2     15.688      8.848    -71.714
  -1   -2     10.439     -7.981    -71.830
  -1   -2     12.963     10.060    -73.934
  -1   -2     11.131     -9.252    -70.531
  -1   -2     -1.776      9.499    -53.918
  -1   -2     -1.969      5.449    -66.599
  -1   -2     10.996      5.675    -56.063
  -1   -2     16.529     -2.367    -67.331
  -1   -2     10.624     -4.153    -83.858
  -1   -2      5.382     12.650    -68.281
  -1   -2    -15.236      1.339    -79.398
  -1   -2      3.171     -6.689    -56.072
  -1   -2    -10.526     -9.862    -70.961
  -1   -2      1.567     -4.419    -56.355
  -1   -2      0.486     -2.241    -55.164
 735  758     -9.773     -3.342    -66.327
  -1   -2     10.421      1.698    -82.571
  -1   -2     -6.695      3.251    -86.805
  -1   -2      4.440      0.766    -74.744
 729  798     -7.575     -0.436    -67.209
  -1   -2     16.068    -11.724    -75.964
  -1   -2     -4.392     -0.121    -62.998
 409   25      4.216     -7.310    -68.184
 159  776     -4.261    -12.318    -69.146
 759  298      7.583     -9.474    -70.783
 253  138      3.341      6.675    -63.270
 592   -2      6.845     -3.537    -74.935
 167  376     -6.139      5.189    -74.092
 238  779     -7.508      3.389    -60.904
 444   -2    -10.240     -7.089    -58.357
 294  169     -4.942    -10.119    -62.738
 630   -2      2.393     -4.993    -64.962
 587  217     -3.278      1.160    -62.961
 317   -2      9.164    -11.994    -70.232
 736   -2     -4.327     -6.106    -69.834
 232  198      8.878     -3.797    -63.858
 600   -2     12.791      1.630    -63.384
 332  590      5.331     -9.376    -67.678
 621   -2      0.572      7.747    -72.102
 351   21     -4.719     -0.741    -69.873
 776   -2     12.022    -10.707    -60.300
 602   -2     -3.467     -8.166    -56.132
 415  333     -0.706     -9.886    -63.098
 203   -2      1.807    -10.960    -60.424
 465   -2     -5.022      8.296    -67.579
 708  308    -10.694      7.772    -65.792
 554  727     -0.013     -3.803    -67.828
 576  792     11.385      8.353    -73.438
 751   -2    -11.608     -0.914    -72.131
 599   -2     -0.692     -4.978    -57.754
 679   -2      3.969     -9.939    -74.908
 547   -2    -11.799     11.718    -60.304
 772  734    -12.630      7.572    -65.054
 372  360     -6.365      1.392    -66.836
  77  633      8.433      5.839    -70.778
 168   -2     -6.745     -8.868    -62.737
 277  490     -3.997    -10.498    -63.185
 282  803     -7.206     -8.069    -69.901
 429  334     -0.124      6.140    -70.692
 786  804      8.860    -12.800    -64.613

 VERTICES 420 840 
1 0 
1 1 
1 2 
1 3 
1 4 
1 5 
1 6 
1 7 
1 8 
1 9 
1 10 
1 11 
1 12 
1 13 
1 14 
1 15 
1 16 
1 17 
1 18 
1 19 
1 20 
1 21 
1 22 
1 23 
1 24 
1 25 
1 26 
1 27 
1 28 
1 29 
1 30 
1 31 
1 32 
1 33 
1 34 
1 35 
1 36 
1 37 
1 38 
1 39 
1 40 
1 41 
1 42 
1 43 
1 44 
1 45 
1 46 
1 47 
1 48 
1 49 
1 50 
1 51 
1 52 
1 53 
1 54 
1 55 
1 56 
1 57 
1 58 
1 59 
1 60 
1 61 
1 62 
1 63 
1 64 
1 65 
1 66 
1 67 
1 68 
1 69 
1 70 
1 71 
1 72 
1 73 
1 74 
1 75 
1 76 
1 77 
1 78 
1 79 
1 80 
1 81 
1 82 
1 83 
1 84 
1 85 
1 86 
1 87 
1 88 
1 89 
1 90 
1 91 
1 92 
1 93 
1 94 
1 95 
1 96 
1 97 
1 98 
1 99 
1 100 
1 101 
1 102 
1 103 
1 104 
1 105 
1 106 
1 107 
1 108 
1 109 
1 110 
1 111 
1 112 
1 113 
1 114 
1 115 
1 116 
1 117 
1 118 
1 119 
1 120 
1 121 
1 122 
1 123 
1 124 
1 125 
1 126 
1 127 
1 128 
1 129 
1 130 
1 131 
1 132 
1 133 
1 134 
1 135 
1 136 
1 137 
1 138 
1 139 
1 140 
1 141 
1 142 
1 143 
1 144 
1 145 
1 146 
1 147 
1 148 
1 149 
1 150 
1 151 
1 152 
1 153 
1 154 
1 155 
1 156 
1 157 
1 158 
1 159 
1 160 
1 161 
1 162 
1 163 
1 164 
1 165 
1 166 
1 167 
1 168 
1 169 
1 170 
1 171 
1 172 
1 173 
1 174 
1 175 
1 176 
1 177 
1 178 
1 179 
1 180 
1 181 
1 182 
1 183 
1 184 
1 185 
1 186 
1 187 
1 188 
1 189 
1 190 
1 191 
1 192 
1 193 
1 194 
1 195 
1 196 
1 197 
1 198 
1 199 
1 200 
1 201 
1 202 
1 203 
1 204 
1 205 
1 206 
1 207 
1 208 
1 209 
1 210 
1 211 
1 212 
1 213 
1 214 
1 215 
1 216 
1 217 
1 218 
1 219 
1 220 
1 221 
1 222 
1 223 
1 224 
1 225 
1 226 
1 227 
1 228 
1 229 
1 230 
1 231 
1 232 
1 233 
1 234 
1 235 
1 236 
1 237 
1 238 
1 239 
1 240 
1 241 
1 242 
1 243 
1 244 
1 245 
1 246 
1 247 
1 248 
1 249 
1 250 
1 251 
1 252 
1 253 
1 254 
1 255 
1 256 
1 257 
1 258 
1 259 
1 260 
1 261 
1 262 
1 263 
1 264 
1 265 
1 266 
1 267 
1 268 
1 269 
1 270 
1 271 
1 272 
1 273 
1 274 
1 275 
1 276 
1 277 
1 278 
1 279 
1 280 
1 281 
1 282 
1 283 
1 284 
1 285 
1 286 
1 287 
1 288 
1 289 
1 290 
1 291 
1 292 
1 293 
1 294 
1 295 
1 296 
1 297 
1 298 
1 299 
1 300 
1 301 
1 302 
1 303 
1 304 
1 305 
1 306 
1 307 
1 308 
1 309 
1 310 
1 311 
1 312 
1 313 
1 314 
1 315 
1 316 
1 317 
1 318 
1 319 
1 320 
1 321 
1 322 
1 323 
1 324 
1 325 
1 326 
1 327 
1 328 
1 329 
1 330 
1 331 
1 332 
1 333 
1 334 
1 335 
1 336 
1 337 
1 338 
1 339 
1 340 
1 341 
1 342 
1 343 
1 344 
1 345 
1 346 
1 347 
1 348 
1 349 
1 350 
1 351 
1 352 
1 353 
1 354 
1 355 
1 356 
1 357 
1 358 
1 359 
1 360 
1 361 
1 362 
1 363 
1 364 
1 365 
1 366 
1 367 
1 368 
1 369 
1 370 
1 371 
1 372 
1 373 
1 374 
1 375 
1 376 
1 377 
1 378 
1 379 
1 380 
1 381 
1 382 
1 383 
1 384 
1 385 
1 386 
1 387 
1 388 
1 389 
1 390 
1 391 
1 392 
1 393 
1 394 
1 395 
1 396 
1 397 
1 398 
1 399 
1 400 
1 401 
1 402 
1 403 
1 404 
1 405 
1 406 
1 407 
1 408 
1 409 
1 410 
1 411 
1 412 
1 413 
1 414 
1 415 
1 416 
1 417 
1 418 
1 419 
POINT_DATA 420 
SCALARS MeanU double 1 
LOOKUP_TABLE default
0.00918 
0.00447 
0.00299 
0.00663 
0.00504 
0.00690 
0.00309 
0.00969 
0.00973 
0.01180 
0.00903 
0.00472 
0.00705 
0.00793 
0.00660 
0.00247 
0.00553 
0.00846 
0.00350 
0.00488 
0.00650 
0.00470 
0.00782 
0.00947 
0.00739 
0.00358 
0.00763 
0.01009 
0.00867 
0.01433 
0.00434 
0.00559 
0.00650 
0.00743 
0.00610 
0.00780 
0.00580 
0.01048 
0.00394 
0.00544 
0.00584 
0.00587 
0.01148 
0.01358 
0.00801 
0.00942 
0.00967 
0.00581 
0.00639 
0.00862 
0.00645 
0.00740 
0.00843 
0.00496 
0.00398 
0.00217 
0.00393 
0.00626 
0.00923 
0.01114 
0.00956 
0.01020 
0.00956 
0.00477 
0.00166 
0.00591 
0.00699 
0.00815 
0.00572 
0.00399 
0.01000 
0.00630 
0.00642 
0.01006 
0.00934 
0.00466 
0.00879 
0.01571 
0.01241 
0.00386 
0.00848 
0.00552 
0.00667 
0.00289 
0.01025 
0.00676 
0.00688 
0.00244 
0.00680 
0.00485 
0.00828 
0.00639 
0.00973 
0.00565 
0.00510 
0.00477 
0.00831 
0.00866 
0.00315 
0.01425 
0.00685 
0.01137 
0.00780 
0.00932 
0.00641 
0.01359 
0.00513 
0.00436 
0.00762 
0.00604 
0.00593 
0.00773 
0.00694 
0.00673 
0.00521 
0.00800 
0.00658 
0.01010 
0.00385 
0.00460 
0.00868 
0.00952 
0.00995 
0.00848 
0.00399 
0.00685 
0.00498 
0.00550 
0.00782 
0.00779 
0.00898 
0.00634 
0.00759 
0.00824 
0.00552 
0.00348 
0.01189 
0.00372 
0.01053 
0.00639 
0.00644 
0.01187 
0.00399 
0.00761 
0.00590 
0.00791 
0.00645 
0.00385 
0.00767 
0.00596 
0.00995 
0.00512 
0.00380 
0.00661 
0.00803 
0.00092 
0.00693 
0.00868 
0.00567 
0.01078 
0.00805 
0.00749 
0.00353 
0.00415 
0.00782 
0.00614 
0.01276 
0.00820 
0.00529 
0.00686 
0.00721 
0.00835 
0.01132 
0.00842 
0.00229 
0.00571 
0.00496 
0.00938 
0.00954 
0.00560 
0.00478 
0.00658 
0.00685 
0.00460 
0.01011 
0.00606 
0.00473 
0.00428 
0.00463 
0.00519 
0.00690 
0.01115 
0.01185 
0.01224 
0.00698 
0.00775 
0.00426 
0.00819 
0.00866 
0.00804 
0.00600 
0.00339 
0.01272 
0.01062 
0.01012 
0.00899 
0.01220 
0.00410 
0.01227 
0.01286 
0.00333 
0.00535 
0.00919 
0.00383 
0.00451 
0.00879 
0.00966 
0.00460 
0.00444 
0.00919 
0.00352 
0.00551 
0.01009 
0.00253 
0.00446 
0.00922 
0.00223 
0.00632 
0.00815 
0.00430 
0.00361 
0.00626 
0.00874 
0.00456 
0.00732 
0.00786 
0.01172 
0.00455 
0.00567 
0.00688 
0.00472 
0.00787 
0.00631 
0.00863 
0.00276 
0.01085 
0.00231 
0.00552 
0.00623 
0.00891 
0.01185 
0.00439 
0.01124 
0.01435 
0.00791 
0.00239 
0.00196 
0.00318 
0.00296 
0.01460 
0.01183 
0.00617 
0.00532 
0.00657 
0.01101 
0.00858 
0.01184 
0.00646 
0.01098 
0.01151 
0.01094 
0.00236 
0.00665 
0.00976 
0.00767 
0.00384 
0.00450 
0.01169 
0.01417 
0.00843 
0.01082 
0.00950 
0.00407 
0.00517 
0.00401 
0.01061 
0.00394 
0.01262 
0.00403 
0.00789 
0.01075 
0.01058 
0.00784 
0.00584 
0.00536 
0.01403 
0.00636 
0.00557 
0.00414 
0.01100 
0.00529 
0.00590 
0.00341 
0.01186 
0.01214 
0.00862 
0.00805 
0.00737 
0.00674 
0.00286 
0.00826 
0.01201 
0.00166 
0.00456 
0.00986 
0.00564 
0.01128 
0.00422 
0.00726 
0.00653 
0.00283 
0.00602 
0.00341 
0.00637 
0.00573 
0.00109 
0.01268 
0.00347 
0.00444 
0.00657 
0.01003 
0.00827 
0.00714 
0.00548 
0.00755 
0.00610 
0.00515 
0.00997 
0.01417 
0.00793 
0.00554 
0.00354 
0.01253 
0.00286 
0.01011 
0.00611 
0.00980 
0.00951 
0.00674 
0.00393 
0.00751 
0.00904 
0.00791 
0.00792 
0.01043 
0.01021 
0.01325 
0.01084 
0.00741 
0.00747 
0.00709 
0.00259 
0.00713 
0.01177 
0.00602 
0.00561 
0.01089 
0.01199 
0.01368 
0.00833 
0.00612 
0.00482 
0.00271 
0.00430 
0.00308 
0.00670 
0.00948 
0.00746 
0.00684 
0.00382 
0.01108 
0.00443 
0.00590 
0.00188 
0.00700 
0.00894 
0.00392 
0.00950 
0.00811 
0.01058 
0.00603 
0.00592 
0.00529 
0.00542 
0.00841 
0.00763 
0.00794 
0.00524 
0.00910 
0.01270 
0.00584 
0.01116 
0.01013 
0.00306 
0.00997 
0.01111 
0.00319 
0.00503 
0.00409 
0.00444 
0.00709 
0.00481 
0.00201 
0.00429 
0.00801 
0.01501 
0.00764 
0.00596 
0.00246 
0.00544 

 VECTORS Umean float 
0.00015 -0.00292 -0.00870 
0.00160 -0.00305 -0.00285 
-0.00222 -0.00097 -0.00175 
0.00188 0.00090 -0.00630 
-0.00048 0.00360 -0.00350 
-0.00357 -0.00590 -0.00010 
0.00028 -0.00215 -0.00220 
0.00320 0.00820 -0.00405 
-0.00737 0.00397 -0.00495 
-0.00073 0.00745 -0.00913 
0.00258 -0.00360 -0.00788 
-0.00130 0.00035 -0.00452 
0.00575 0.00297 -0.00280 
0.00152 0.00557 -0.00542 
-0.00190 -0.00052 -0.00630 
-0.00192 -0.00025 -0.00152 
0.00368 0.00393 -0.00130 
0.00648 0.00340 -0.00425 
-0.00122 -0.00257 -0.00202 
-0.00468 0.00065 -0.00125 
0.00263 0.00580 -0.00130 
0.00083 0.00452 0.00098 
-0.00100 -0.00125 -0.00765 
-0.00040 0.00925 0.00200 
0.00018 0.00513 -0.00532 
0.00205 0.00262 0.00130 
-0.00533 -0.00473 0.00275 
0.00197 0.00975 0.00170 
0.00843 0.00122 -0.00165 
0.00052 0.00363 -0.01385 
0.00215 0.00008 -0.00377 
0.00442 0.00155 0.00305 
0.00615 0.00030 0.00207 
-0.00450 0.00575 -0.00140 
0.00315 0.00457 -0.00252 
-0.00252 -0.00280 -0.00682 
-0.00232 0.00513 0.00140 
-0.00737 -0.00737 0.00098 
-0.00365 -0.00125 0.00080 
-0.00207 0.00380 -0.00330 
0.00125 0.00377 -0.00427 
0.00280 -0.00200 -0.00475 
0.00500 0.00752 -0.00708 
0.00313 -0.00477 -0.01233 
0.00180 0.00208 -0.00753 
0.00308 0.00073 -0.00888 
0.00757 0.00565 0.00205 
-0.00145 -0.00020 -0.00562 
0.00120 -0.00098 -0.00620 
0.00353 0.00338 -0.00710 
-0.00563 -0.00285 0.00137 
0.00335 0.00152 0.00642 
-0.00210 0.00078 -0.00813 
0.00297 -0.00262 -0.00297 
0.00362 0.00085 0.00140 
0.00067 0.00075 0.00192 
0.00075 0.00092 -0.00375 
0.00222 0.00585 0.00010 
-0.00120 0.00032 -0.00915 
0.00160 0.00343 -0.01047 
0.00300 -0.00212 -0.00882 
0.00500 0.00875 0.00160 
0.00057 0.00443 -0.00845 
0.00183 0.00180 -0.00403 
-0.00005 0.00043 -0.00160 
-0.00012 0.00100 -0.00582 
-0.00615 0.00002 0.00332 
0.00117 -0.00333 -0.00735 
0.00190 -0.00313 -0.00440 
-0.00390 0.00070 -0.00048 
-0.00377 0.00173 -0.00910 
0.00135 0.00587 0.00182 
-0.00003 0.00632 0.00110 
-0.00615 0.00370 -0.00705 
-0.00755 0.00485 -0.00260 
0.00248 0.00310 -0.00245 
0.00520 0.00697 0.00125 
0.00310 0.00180 -0.01530 
0.00528 0.00172 -0.01110 
0.00353 -0.00022 0.00155 
0.00822 0.00205 0.00025 
0.00447 -0.00225 -0.00233 
-0.00580 -0.00328 0.00038 
-0.00152 -0.00085 -0.00230 
-0.00095 0.00367 -0.00953 
0.00642 -0.00117 -0.00175 
0.00105 0.00022 -0.00680 
0.00217 -0.00100 0.00048 
0.00448 0.00108 -0.00500 
0.00085 0.00333 0.00343 
0.00020 0.00623 0.00545 
-0.00605 0.00187 -0.00087 
0.00255 0.00452 -0.00823 
0.00240 0.00302 -0.00412 
0.00018 -0.00440 -0.00257 
0.00255 -0.00287 -0.00282 
0.00282 0.00297 -0.00723 
0.00288 0.00742 -0.00340 
0.00205 0.00057 -0.00233 
-0.01095 0.00268 -0.00873 
0.00075 0.00298 -0.00613 
0.00170 0.00560 -0.00975 
-0.00270 0.00455 -0.00572 
0.00830 -0.00208 -0.00370 
-0.00235 0.00513 -0.00305 
0.00185 -0.00065 -0.01345 
-0.00490 -0.00075 0.00133 
-0.00363 -0.00242 -0.00018 
-0.00735 -0.00192 -0.00053 
0.00345 0.00495 -0.00027 
-0.00132 0.00242 0.00525 
0.00697 0.00125 -0.00310 
0.00448 0.00250 -0.00467 
0.00385 0.00375 -0.00405 
-0.00133 -0.00137 -0.00485 
0.00107 -0.00020 -0.00792 
0.00313 0.00568 0.00113 
0.00195 0.00970 0.00203 
-0.00120 0.00172 -0.00323 
0.00165 0.00175 -0.00392 
0.00732 -0.00300 -0.00355 
-0.00180 -0.00285 -0.00890 
-0.00250 0.00588 -0.00763 
-0.00722 -0.00055 -0.00440 
0.00108 0.00320 -0.00213 
0.00417 0.00140 -0.00525 
0.00155 -0.00057 0.00470 
0.00255 0.00315 0.00373 
0.00360 0.00275 -0.00638 
0.00583 0.00417 -0.00305 
-0.00017 -0.00275 -0.00855 
0.00388 0.00148 -0.00480 
0.00470 0.00478 0.00358 
0.00272 0.00768 0.00122 
-0.00330 0.00190 -0.00400 
0.00003 0.00110 -0.00330 
0.00673 0.00340 -0.00920 
0.00253 0.00177 0.00207 
0.00518 0.00517 -0.00757 
0.00470 0.00300 -0.00313 
0.00575 0.00093 0.00275 
-0.00023 0.00960 -0.00698 
-0.00343 -0.00000 -0.00205 
0.00268 0.00002 0.00713 
0.00205 0.00493 -0.00252 
-0.00040 -0.00315 -0.00725 
-0.00620 0.00122 -0.00128 
0.00267 0.00135 0.00242 
0.00507 0.00310 -0.00485 
-0.00477 -0.00097 -0.00343 
0.00200 0.00503 -0.00835 
-0.00030 -0.00370 0.00353 
0.00242 0.00085 -0.00280 
-0.00190 0.00180 -0.00607 
-0.00415 0.00223 -0.00650 
-0.00077 -0.00030 -0.00040 
0.00210 0.00088 -0.00655 
0.00187 0.00243 -0.00812 
0.00195 0.00533 -0.00008 
-0.00040 -0.00015 -0.01078 
0.00665 0.00453 -0.00030 
0.00060 0.00420 -0.00617 
0.00270 -0.00223 0.00050 
0.00185 0.00110 -0.00355 
0.00062 0.00705 0.00333 
0.00605 0.00103 0.00020 
-0.00530 -0.00378 -0.01098 
0.00323 0.00155 -0.00738 
0.00328 -0.00002 0.00415 
0.00020 0.00577 0.00370 
0.00028 -0.00253 0.00675 
-0.00335 -0.00125 -0.00755 
0.00555 -0.00537 -0.00828 
0.00505 0.00645 0.00195 
-0.00005 0.00208 0.00097 
-0.00453 0.00347 -0.00030 
-0.00470 -0.00008 0.00158 
0.00678 0.00355 0.00542 
-0.00663 0.00295 -0.00620 
0.00208 -0.00420 0.00307 
0.00032 0.00200 -0.00433 
-0.00060 0.00408 -0.00512 
0.00345 0.00353 0.00475 
0.00083 0.00315 -0.00325 
0.00890 0.00467 0.00110 
0.00278 0.00358 -0.00403 
-0.00025 0.00263 0.00392 
-0.00177 0.00235 -0.00310 
0.00310 0.00297 0.00173 
-0.00135 -0.00330 -0.00377 
0.00100 0.00505 -0.00460 
0.00125 0.01082 0.00237 
0.00495 0.00400 -0.01000 
0.00305 0.00325 -0.01140 
0.00613 0.00163 -0.00293 
0.00107 0.00523 -0.00562 
0.00293 0.00278 -0.00137 
0.00640 0.00467 0.00207 
0.00150 -0.00235 -0.00820 
-0.00105 0.00497 0.00622 
-0.00125 0.00217 -0.00545 
0.00048 0.00028 -0.00335 
0.00272 0.01100 -0.00577 
0.00368 0.00130 -0.00988 
0.00428 0.00778 -0.00487 
-0.00827 0.00240 -0.00257 
0.00555 0.01085 0.00050 
-0.00177 -0.00343 -0.00137 
0.00395 0.00978 -0.00627 
0.00165 0.00388 -0.01215 
-0.00285 0.00030 -0.00170 
0.00052 0.00320 -0.00425 
0.00742 0.00335 -0.00425 
0.00353 0.00142 0.00050 
-0.00297 0.00337 -0.00033 
0.00503 0.00718 0.00070 
0.00235 0.00780 -0.00520 
0.00360 -0.00152 0.00243 
-0.00385 0.00195 0.00105 
0.00393 -0.00455 -0.00695 
0.00320 0.00038 -0.00142 
0.00077 0.00313 -0.00448 
0.00343 0.00278 -0.00907 
0.00217 -0.00105 -0.00075 
-0.00437 0.00080 -0.00030 
0.00673 0.00505 -0.00377 
0.00090 0.00155 0.00132 
0.00012 -0.00308 -0.00553 
-0.00150 -0.00495 0.00630 
0.00280 0.00270 0.00182 
0.00147 0.00288 -0.00160 
-0.00320 -0.00310 0.00440 
0.00540 0.00250 -0.00640 
0.00370 -0.00123 -0.00237 
0.00655 0.00315 -0.00090 
0.00747 0.00110 0.00218 
-0.00393 -0.00145 -0.01095 
0.00215 0.00142 -0.00375 
0.00493 0.00280 0.00023 
-0.00395 -0.00308 -0.00473 
0.00177 -0.00197 -0.00390 
0.00190 0.00347 -0.00680 
0.00570 0.00190 -0.00192 
0.00010 0.00010 -0.00862 
-0.00172 -0.00190 0.00103 
-0.00035 -0.01082 0.00065 
-0.00048 0.00185 -0.00130 
0.00120 0.00537 0.00038 
0.00448 0.00345 -0.00263 
0.00292 0.00557 -0.00630 
0.00035 0.00915 -0.00753 
-0.00430 -0.00038 -0.00080 
0.00600 -0.00472 -0.00825 
0.00978 0.00908 -0.00530 
-0.00593 0.00177 -0.00493 
0.00205 0.00115 -0.00042 
0.00158 0.00105 0.00053 
-0.00313 -0.00028 -0.00053 
-0.00217 0.00168 -0.00110 
0.00533 0.00492 -0.01268 
0.00650 0.00787 -0.00598 
-0.00175 -0.00590 -0.00045 
0.00023 0.00302 -0.00437 
0.00608 0.00125 -0.00218 
-0.00705 0.00133 -0.00835 
-0.00132 0.00455 -0.00715 
-0.00587 -0.00773 0.00678 
0.00110 -0.00045 -0.00635 
0.00277 0.00522 -0.00925 
0.00155 0.00345 -0.01087 
0.00590 0.00638 -0.00665 
0.00038 0.00230 -0.00035 
0.00288 -0.00315 -0.00510 
-0.00023 0.00790 -0.00572 
0.00765 0.00038 0.00038 
0.00202 -0.00062 0.00320 
0.00342 0.00282 -0.00072 
-0.00140 -0.00025 -0.01160 
0.00703 -0.00470 -0.01137 
0.00810 0.00065 -0.00223 
-0.00790 0.00712 -0.00200 
0.00055 0.00733 -0.00602 
0.00052 0.00120 -0.00385 
0.00458 0.00072 -0.00230 
0.00292 -0.00080 0.00263 
0.00762 0.00737 0.00033 
-0.00362 0.00148 -0.00042 
0.00325 0.00705 -0.00995 
0.00210 0.00343 -0.00032 
-0.00203 -0.00710 0.00278 
0.00720 0.00272 -0.00750 
0.00465 0.00887 -0.00340 
0.00535 0.00573 0.00027 
-0.00305 -0.00497 0.00032 
0.00002 0.00407 -0.00348 
0.00642 -0.00257 -0.01220 
0.00405 0.00270 -0.00410 
-0.00123 0.00187 -0.00510 
0.00310 0.00087 -0.00260 
0.00533 0.00015 -0.00963 
0.00188 -0.00048 -0.00492 
-0.00183 -0.00235 -0.00510 
-0.00082 0.00302 0.00135 
0.00935 0.00627 -0.00373 
0.00320 0.00797 -0.00858 
0.00117 0.00220 -0.00825 
0.00645 0.00330 0.00350 
0.00373 -0.00062 -0.00633 
-0.00090 -0.00008 -0.00668 
-0.00067 -0.00010 -0.00277 
0.00177 0.00225 -0.00775 
0.00572 0.00898 -0.00555 
-0.00165 0.00013 0.00012 
0.00095 -0.00303 -0.00328 
0.00265 0.00930 0.00190 
0.00023 0.00110 -0.00552 
-0.00800 -0.00737 -0.00297 
0.00303 0.00215 -0.00200 
0.00095 0.00508 -0.00510 
-0.00455 0.00202 -0.00422 
0.00192 0.00170 0.00120 
0.00185 0.00337 -0.00463 
-0.00253 0.00213 0.00088 
0.00460 0.00423 0.00128 
-0.00015 0.00395 -0.00415 
0.00090 0.00060 -0.00010 
-0.01220 0.00260 0.00225 
0.00182 0.00200 -0.00218 
0.00210 0.00275 -0.00277 
-0.00298 -0.00083 -0.00580 
0.00520 -0.00703 -0.00493 
0.00223 -0.00097 -0.00790 
0.00330 0.00285 -0.00565 
0.00543 0.00065 0.00042 
-0.00175 -0.00733 0.00058 
0.00497 0.00350 -0.00050 
-0.00420 0.00213 0.00210 
0.00142 0.00115 -0.00980 
0.00735 -0.00148 -0.01203 
0.00690 -0.00330 -0.00210 
0.00183 0.00395 -0.00343 
-0.00112 0.00108 -0.00317 
-0.01175 0.00052 0.00433 
-0.00107 -0.00140 -0.00225 
0.00050 0.00840 0.00560 
0.00383 0.00178 -0.00443 
0.00608 -0.00100 -0.00763 
0.00095 -0.00047 -0.00945 
-0.00085 -0.00507 0.00435 
0.00143 -0.00130 0.00343 
0.00135 -0.00045 -0.00738 
0.00008 -0.00048 -0.00903 
0.00092 -0.00285 -0.00732 
0.00340 0.00570 -0.00433 
0.00603 0.00777 -0.00347 
-0.00067 0.00500 -0.00887 
0.00608 -0.00272 -0.01145 
0.00072 -0.00313 -0.01035 
0.00495 0.00345 -0.00430 
-0.00725 0.00148 -0.00100 
0.00690 0.00113 0.00117 
-0.00040 0.00042 -0.00252 
-0.00040 0.00280 -0.00655 
0.00160 -0.00287 -0.01130 
0.00460 -0.00013 -0.00388 
0.00168 -0.00155 -0.00512 
-0.00350 0.00357 -0.00968 
-0.00883 0.00750 -0.00310 
0.00362 -0.00108 0.01315 
0.00230 0.00510 -0.00617 
0.00180 0.00130 -0.00570 
0.00068 0.00248 0.00407 
0.00232 0.00023 -0.00137 
-0.00043 -0.00020 -0.00428 
0.00158 0.00128 -0.00233 
0.00090 0.00262 -0.00610 
0.00167 0.00245 -0.00900 
0.00567 0.00048 -0.00483 
0.00555 0.00208 0.00343 
0.00355 0.00090 -0.00108 
0.01102 0.00078 0.00072 
0.00060 -0.00373 -0.00233 
-0.00310 -0.00250 -0.00435 
0.00088 -0.00160 -0.00047 
0.00162 0.00575 0.00365 
0.00592 0.00553 -0.00377 
0.00255 0.00095 -0.00282 
0.00348 -0.00378 -0.00800 
-0.00333 0.00105 -0.00733 
0.00895 0.00010 -0.00565 
0.00413 0.00005 -0.00440 
0.00162 0.00550 0.00147 
0.00197 0.00278 -0.00405 
0.00173 0.00337 -0.00388 
0.00528 0.00557 -0.00345 
0.00125 0.00728 0.00195 
0.00310 0.00697 0.00220 
0.00017 0.00250 -0.00460 
0.00290 0.00673 -0.00540 
0.00460 -0.00413 -0.01110 
-0.00102 0.00457 -0.00347 
0.00435 -0.00125 -0.01020 
-0.00182 -0.00995 -0.00050 
0.00192 -0.00215 0.00102 
-0.00013 0.00847 -0.00525 
-0.00463 0.00272 -0.00972 
0.00268 0.00160 0.00070 
0.00448 0.00135 -0.00185 
0.00165 0.00373 0.00033 
0.00002 0.00318 -0.00310 
-0.00185 0.00470 0.00497 
-0.00180 -0.00297 0.00332 
0.00080 0.00125 -0.00135 
-0.00042 0.00377 0.00200 
0.00733 0.00055 0.00320 
-0.01405 0.00505 -0.00153 
-0.00158 -0.00533 -0.00525 
0.00548 0.00013 -0.00235 
-0.00040 0.00122 -0.00210 
0.00270 0.00150 0.00448 
SCALARS NextParticleID double 1 
LOOKUP_TABLE default
58 
3 
6 
109 
26 
1 
4 
30 
48 
0 
19 
44 
17 
13 
63 
52 
12 
62 
2 
36 
24 
23 
350 
25 
9 
35 
219 
378 
22 
418 
16 
481 
172 
377 
96 
196 
41 
29 
7 
234 
18 
356 
15 
278 
57 
38 
170 
92 
43 
69 
345 
466 
60 
42 
354 
64 
154 
61 
676 
55 
156 
386 
261 
71 
11 
85 
14 
102 
795 
153 
107 
83 
158 
380 
243 
116 
255 
506 
173 
404 
422 
70 
204 
195 
400 
50 
120 
78 
28 
275 
136 
169 
66 
68 
445 
98 
101 
49 
46 
250 
84 
89 
138 
230 
161 
164 
392 
152 
168 
32 
427 
387 
114 
47 
133 
159 
439 
112 
139 
409 
175 
412 
432 
292 
209 
110 
148 
108 
160 
149 
223 
73 
265 
72 
115 
441 
226 
90 
181 
122 
764 
444 
162 
494 
264 
97 
118 
74 
768 
796 
547 
140 
362 
242 
212 
191 
201 
182 
86 
33 
67 
111 
131 
216 
124 
229 
402 
104 
698 
151 
527 
305 
663 
359 
176 
784 
146 
95 
505 
157 
189 
221 
134 
300 
143 
262 
178 
211 
393 
185 
224 
610 
259 
190 
244 
776 
126 
179 
184 
127 
769 
206 
214 
425 
526 
100 
289 
105 
590 
482 
249 
165 
531 
498 
766 
301 
117 
199 
492 
210 
266 
554 
256 
674 
529 
287 
188 
202 
566 
290 
167 
797 
308 
245 
798 
128 
269 
309 
56 
549 
612 
324 
542 
313 
771 
459 
470 
237 
93 
253 
130 
306 
551 
712 
267 
774 
281 
328 
297 
644 
568 
343 
501 
778 
8 
81 
240 
348 
31 
363 
780 
430 
364 
186 
76 
428 
374 
366 
274 
75 
99 
45 
34 
21 
358 
794 
145 
180 
456 
401 
177 
106 
355 
372 
113 
479 
217 
410 
77 
135 
163 
369 
87 
142 
390 
538 
187 
763 
203 
783 
318 
119 
379 
424 
365 
799 
286 
399 
451 
523 
453 
770 
395 
213 
537 
433 
183 
171 
580 
785 
605 
475 
193 
496 
298 
679 
579 
739 
220 
548 
239 
144 
248 
462 
519 
246 
347 
654 
582 
792 
448 
571 
472 
787 
207 
716 
621 
598 
788 
252 
235 
773 
194 
767 
484 
790 
777 
782 
447 
623 
208 
632 
577 
779 
669 
335 
772 
329 
617 
706 
218 
604 
507 
304 
284 
333 
791 
662 
655 
200 
332 
786 
760 
756 
775 
637 
368 
357 
522 
37 
94 
5 
326 
241 
789 
595 
277 
765 
263 
79 
793 
383 
781 
40 
121 
280 
321 
559 
276 
800 
SCALARS PreviousParticleID double 1 
LOOKUP_TABLE default
354 
9 
74 
351 
37 
20 
343 
11 
36 
352 
404 
7 
429 
8 
5 
249 
10 
69 
4 
48 
32 
35 
53 
6 
18 
24 
55 
47 
127 
115 
57 
61 
537 
141 
12 
39 
370 
31 
210 
77 
99 
66 
399 
212 
130 
89 
41 
104 
364 
52 
60 
85 
64 
427 
-1 
96 
13 
91 
163 
63 
190 
59 
94 
84 
26 
107 
42 
373 
789 
356 
120 
79 
235 
346 
15 
50 
446 
237 
206 
374 
-1 
21 
72 
110 
350 
98 
143 
83 
80 
762 
38 
-1 
105 
-1 
788 
245 
135 
216 
119 
196 
49 
177 
142 
381 
408 
168 
97 
-1 
253 
2 
145 
413 
243 
65 
261 
122 
27 
-1 
138 
756 
201 
-1 
131 
156 
397 
108 
137 
-1 
230 
393 
129 
116 
492 
269 
-1 
411 
-1 
387 
447 
259 
102 
164 
193 
246 
169 
191 
139 
161 
252 
183 
133 
247 
440 
254 
224 
158 
220 
200 
367 
498 
684 
109 
151 
-1 
51 
221 
511 
186 
491 
226 
-1 
-1 
112 
362 
452 
431 
222 
-1 
587 
215 
25 
-1 
524 
181 
-1 
769 
241 
150 
460 
497 
178 
204 
767 
209 
-1 
308 
78 
176 
208 
344 
262 
276 
189 
203 
366 
68 
285 
40 
170 
519 
233 
213 
194 
783 
144 
-1 
477 
-1 
87 
441 
329 
-1 
331 
-1 
572 
289 
281 
287 
-1 
258 
225 
257 
272 
153 
517 
199 
-1 
88 
111 
-1 
-1 
185 
544 
310 
286 
234 
273 
-1 
297 
-1 
435 
321 
317 
-1 
-1 
293 
326 
270 
697 
277 
265 
335 
236 
315 
-1 
33 
90 
355 
535 
358 
359 
117 
360 
70 
22 
-1 
184 
347 
175 
73 
103 
1 
361 
503 
-1 
775 
-1 
132 
378 
-1 
101 
501 
95 
14 
388 
538 
152 
444 
391 
29 
419 
432 
420 
211 
75 
198 
81 
62 
67 
398 
616 
-1 
180 
405 
44 
323 
-1 
455 
268 
214 
106 
264 
463 
197 
140 
510 
263 
205 
502 
486 
777 
-1 
529 
136 
-1 
550 
641 
570 
516 
547 
617 
760 
-1 
46 
-1 
330 
776 
-1 
-1 
636 
575 
218 
-1 
525 
579 
506 
425 
475 
556 
-1 
255 
292 
244 
229 
-1 
591 
314 
396 
-1 
464 
692 
687 
784 
336 
605 
597 
288 
-1 
-1 
-1 
188 
328 
28 
672 
-1 
-1 
614 
-1 
333 
45 
-1 
500 
-1 
-1 
305 
-1 
23 
17 
757 
58 
379 
19 
424 
521 
559 
768 
240 
125 
306 
155 
670 
786 
369 
523 
173 
217 
223 
590 
771 
782 

 VERTICES 420 840 
1 0 
1 1 
1 2 
1 3 
1 4 
1 5 
1 6 
1 7 
1 8 
1 9 
1 10 
1 11 
1 12 
1 13 
1 14 
1 15 
1 16 
1 17 
1 18 
1 19 
1 20 
1 21 
1 22 
1 23 
1 24 
1 25 
1 26 
1 27 
1 28 
1 29 
1 30 
1 31 
1 32 
1 33 
1 34 
1 35 
1 36 
1 37 
1 38 
1 39 
1 40 
1 41 
1 42 
1 43 
1 44 
1 45 
1 46 
1 47 
1 48 
1 49 
1 50 
1 51 
1 52 
1 53 
1 54 
1 55 
1 56 
1 57 
1 58 
1 59 
1 60 
1 61 
1 62 
1 63 
1 64 
1 65 
1 66 
1 67 
1 68 
1 69 
1 70 
1 71 
1 72 
1 73 
1 74 
1 75 
1 76 
1 77 
1 78 
1 79 
1 80 
1 81 
1 82 
1 83 
1 84 
1 85 
1 86 
1 87 
1 88 
1 89 
1 90 
1 91 
1 92 
1 93 
1 94 
1 95 
1 96 
1 97 
1 98 
1 99 
1 100 
1 101 
1 102 
1 103 
1 104 
1 105 
1 106 
1 107 
1 108 
1 109 
1 110 
1 111 
1 112 
1 113 
1 114 
1 115 
1 116 
1 117 
1 118 
1 119 
1 120 
1 121 
1 122 
1 123 
1 124 
1 125 
1 126 
1 127 
1 128 
1 129 
1 130 
1 131 
1 132 
1 133 
1 134 
1 135 
1 136 
1 137 
1 138 
1 139 
1 140 
1 141 
1 142 
1 143 
1 144 
1 145 
1 146 
1 147 
1 148 
1 149 
1 150 
1 151 
1 152 
1 153 
1 154 
1 155 
1 156 
1 157 
1 158 
1 159 
1 160 
1 161 
1 162 
1 163 
1 164 
1 165 
1 166 
1 167 
1 168 
1 169 
1 170 
1 171 
1 172 
1 173 
1 174 
1 175 
1 176 
1 177 
1 178 
1 179 
1 180 
1 181 
1 182 
1 183 
1 184 
1 185 
1 186 
1 187 
1 188 
1 189 
1 190 
1 191 
1 192 
1 193 
1 194 
1 195 
1 196 
1 197 
1 198 
1 199 
1 200 
1 201 
1 202 
1 203 
1 204 
1 205 
1 206 
1 207 
1 208 
1 209 
1 210 
1 211 
1 212 
1 213 
1 214 
1 215 
1 216 
1 217 
1 218 
1 219 
1 220 
1 221 
1 222 
1 223 
1 224 
1 225 
1 226 
1 227 
1 228 
1 229 
1 230 
1 231 
1 232 
1 233 
1 234 
1 235 
1 236 
1 237 
1 238 
1 239 
1 240 
1 241 
1 242 
1 243 
1 244 
1 245 
1 246 
1 247 
1 248 
1 249 
1 250 
1 251 
1 252 
1 253 
1 254 
1 255 
1 256 
1 257 
1 258 
1 259 
1 260 
1 261 
1 262 
1 263 
1 264 
1 265 
1 266 
1 267 
1 268 
1 269 
1 270 
1 271 
1 272 
1 273 
1 274 
1 275 
1 276 
1 277 
1 278 
1 279 
1 280 
1 281 
1 282 
1 283 
1 284 
1 285 
1 286 
1 287 
1 288 
1 289 
1 290 
1 291 
1 292 
1 293 
1 294 
1 295 
1 296 
1 297 
1 298 
1 299 
1 300 
1 301 
1 302 
1 303 
1 304 
1 305 
1 306 
1 307 
1 308 
1 309 
1 310 
1 311 
1 312 
1 313 
1 314 
1 315 
1 316 
1 317 
1 318 
1 319 
1 320 
1 321 
1 322 
1 323 
1 324 
1 325 
1 326 
1 327 
1 328 
1 329 
1 330 
1 331 
1 332 
1 333 
1 334 
1 335 
1 336 
1 337 
1 338 
1 339 
1 340 
1 341 
1 342 
1 343 
1 344 
1 345 
1 346 
1 347 
1 348 
1 349 
1 350 
1 351 
1 352 
1 353 
1 354 
1 355 
1 356 
1 357 
1 358 
1 359 
1 360 
1 361 
1 362 
1 363 
1 364 
1 365 
1 366 
1 367 
1 368 
1 369 
1 370 
1 371 
1 372 
1 373 
1 374 
1 375 
1 376 
1 377 
1 378 
1 379 
1 380 
1 381 
1 382 
1 383 
1 384 
1 385 
1 386 
1 387 
1 388 
1 389 
1 390 
1 391 
1 392 
1 393 
1 394 
1 395 
1 396 
1 397 
1 398 
1 399 
1 400 
1 401 
1 402 
1 403 
1 404 
1 405 
1 406 
1 407 
1 408 
1 409 
1 410 
1 411 
1 412 
1 413 
1 414 
1 415 
1 416 
1 417 
1 418 
1 419 
POINT_DATA 420 
SCALARS MeanU double 1 
LOOKUP_TABLE default
0.00918 
0.00447 
0.00299 
0.00663 
0.00504 
0.00690 
0.00309 
0.00969 
0.00973 
0.01180 
0.00903 
0.00472 
0.00705 
0.00793 
0.00660 
0.00247 
0.00553 
0.00846 
0.00350 
0.00488 
0.00650 
0.00470 
0.00782 
0.00947 
0.00739 
0.00358 
0.00763 
0.01009 
0.00867 
0.01433 
0.00434 
0.00559 
0.00650 
0.00743 
0.00610 
0.00780 
0.00580 
0.01048 
0.00394 
0.00544 
0.00584 
0.00587 
0.01148 
0.01358 
0.00801 
0.00942 
0.00967 
0.00581 
0.00639 
0.00862 
0.00645 
0.00740 
0.00843 
0.00496 
0.00398 
0.00217 
0.00393 
0.00626 
0.00923 
0.01114 
0.00956 
0.01020 
0.00956 
0.00477 
0.00166 
0.00591 
0.00699 
0.00815 
0.00572 
0.00399 
0.01000 
0.00630 
0.00642 
0.01006 
0.00934 
0.00466 
0.00879 
0.01571 
0.01241 
0.00386 
0.00848 
0.00552 
0.00667 
0.00289 
0.01025 
0.00676 
0.00688 
0.00244 
0.00680 
0.00485 
0.00828 
0.00639 
0.00973 
0.00565 
0.00510 
0.00477 
0.00831 
0.00866 
0.00315 
0.01425 
0.00685 
0.01137 
0.00780 
0.00932 
0.00641 
0.01359 
0.00513 
0.00436 
0.00762 
0.00604 
0.00593 
0.00773 
0.00694 
0.00673 
0.00521 
0.00800 
0.00658 
0.01010 
0.00385 
0.00460 
0.00868 
0.00952 
0.00995 
0.00848 
0.00399 
0.00685 
0.00498 
0.00550 
0.00782 
0.00779 
0.00898 
0.00634 
0.00759 
0.00824 
0.00552 
0.00348 
0.01189 
0.00372 
0.01053 
0.00639 
0.00644 
0.01187 
0.00399 
0.00761 
0.00590 
0.00791 
0.00645 
0.00385 
0.00767 
0.00596 
0.00995 
0.00512 
0.00380 
0.00661 
0.00803 
0.00092 
0.00693 
0.00868 
0.00567 
0.01078 
0.00805 
0.00749 
0.00353 
0.00415 
0.00782 
0.00614 
0.01276 
0.00820 
0.00529 
0.00686 
0.00721 
0.00835 
0.01132 
0.00842 
0.00229 
0.00571 
0.00496 
0.00938 
0.00954 
0.00560 
0.00478 
0.00658 
0.00685 
0.00460 
0.01011 
0.00606 
0.00473 
0.00428 
0.00463 
0.00519 
0.00690 
0.01115 
0.01185 
0.01224 
0.00698 
0.00775 
0.00426 
0.00819 
0.00866 
0.00804 
0.00600 
0.00339 
0.01272 
0.01062 
0.01012 
0.00899 
0.01220 
0.00410 
0.01227 
0.01286 
0.00333 
0.00535 
0.00919 
0.00383 
0.00451 
0.00879 
0.00966 
0.00460 
0.00444 
0.00919 
0.00352 
0.00551 
0.01009 
0.00253 
0.00446 
0.00922 
0.00223 
0.00632 
0.00815 
0.00430 
0.00361 
0.00626 
0.00874 
0.00456 
0.00732 
0.00786 
0.01172 
0.00455 
0.00567 
0.00688 
0.00472 
0.00787 
0.00631 
0.00863 
0.00276 
0.01085 
0.00231 
0.00552 
0.00623 
0.00891 
0.01185 
0.00439 
0.01124 
0.01435 
0.00791 
0.00239 
0.00196 
0.00318 
0.00296 
0.01460 
0.01183 
0.00617 
0.00532 
0.00657 
0.01101 
0.00858 
0.01184 
0.00646 
0.01098 
0.01151 
0.01094 
0.00236 
0.00665 
0.00976 
0.00767 
0.00384 
0.00450 
0.01169 
0.01417 
0.00843 
0.01082 
0.00950 
0.00407 
0.00517 
0.00401 
0.01061 
0.00394 
0.01262 
0.00403 
0.00789 
0.01075 
0.01058 
0.00784 
0.00584 
0.00536 
0.01403 
0.00636 
0.00557 
0.00414 
0.01100 
0.00529 
0.00590 
0.00341 
0.01186 
0.01214 
0.00862 
0.00805 
0.00737 
0.00674 
0.00286 
0.00826 
0.01201 
0.00166 
0.00456 
0.00986 
0.00564 
0.01128 
0.00422 
0.00726 
0.00653 
0.00283 
0.00602 
0.00341 
0.00637 
0.00573 
0.00109 
0.01268 
0.00347 
0.00444 
0.00657 
0.01003 
0.00827 
0.00714 
0.00548 
0.00755 
0.00610 
0.00515 
0.00997 
0.01417 
0.00793 
0.00554 
0.00354 
0.01253 
0.00286 
0.01011 
0.00611 
0.00980 
0.00951 
0.00674 
0.00393 
0.00751 
0.00904 
0.00791 
0.00792 
0.01043 
0.01021 
0.01325 
0.01084 
0.00741 
0.00747 
0.00709 
0.00259 
0.00713 
0.01177 
0.00602 
0.00561 
0.01089 
0.01199 
0.01368 
0.00833 
0.00612 
0.00482 
0.00271 
0.00430 
0.00308 
0.00670 
0.00948 
0.00746 
0.00684 
0.00382 
0.01108 
0.00443 
0.00590 
0.00188 
0.00700 
0.00894 
0.00392 
0.00950 
0.00811 
0.01058 
0.00603 
0.00592 
0.00529 
0.00542 
0.00841 
0.00763 
0.00794 
0.00524 
0.00910 
0.01270 
0.00584 
0.01116 
0.01013 
0.00306 
0.00997 
0.01111 
0.00319 
0.00503 
0.00409 
0.00444 
0.00709 
0.00481 
0.00201 
0.00429 
0.00801 
0.01501 
0.00764 
0.00596 
0.00246 
0.00544 

 VECTORS Umean float 
0.00015 -0.00292 -0.00870 
0.00160 -0.00305 -0.00285 
-0.00222 -0.00097 -0.00175 
0.00188 0.00090 -0.00630 
-0.00048 0.00360 -0.00350 
-0.00357 -0.00590 -0.00010 
0.00028 -0.00215 -0.00220 
0.00320 0.00820 -0.00405 
-0.00737 0.00397 -0.00495 
-0.00073 0.00745 -0.00913 
0.00258 -0.00360 -0.00788 
-0.00130 0.00035 -0.00452 
0.00575 0.00297 -0.00280 
0.00152 0.00557 -0.00542 
-0.00190 -0.00052 -0.00630 
-0.00192 -0.00025 -0.00152 
0.00368 0.00393 -0.00130 
0.00648 0.00340 -0.00425 
-0.00122 -0.00257 -0.00202 
-0.00468 0.00065 -0.00125 
0.00263 0.00580 -0.00130 
0.00083 0.00452 0.00098 
-0.00100 -0.00125 -0.00765 
-0.00040 0.00925 0.00200 
0.00018 0.00513 -0.00532 
0.00205 0.00262 0.00130 
-0.00533 -0.00473 0.00275 
0.00197 0.00975 0.00170 
0.00843 0.00122 -0.00165 
0.00052 0.00363 -0.01385 
0.00215 0.00008 -0.00377 
0.00442 0.00155 0.00305 
0.00615 0.00030 0.00207 
-0.00450 0.00575 -0.00140 
0.00315 0.00457 -0.00252 
-0.00252 -0.00280 -0.00682 
-0.00232 0.00513 0.00140 
-0.00737 -0.00737 0.00098 
-0.00365 -0.00125 0.00080 
-0.00207 0.00380 -0.00330 
0.00125 0.00377 -0.00427 
0.00280 -0.00200 -0.00475 
0.00500 0.00752 -0.00708 
0.00313 -0.00477 -0.01233 
0.00180 0.00208 -0.00753 
0.00308 0.00073 -0.00888 
0.00757 0.00565 0.00205 
-0.00145 -0.00020 -0.00562 
0.00120 -0.00098 -0.00620 
0.00353 0.00338 -0.00710 
-0.00563 -0.00285 0.00137 
0.00335 0.00152 0.00642 
-0.00210 0.00078 -0.00813 
0.00297 -0.00262 -0.00297 
0.00362 0.00085 0.00140 
0.00067 0.00075 0.00192 
0.00075 0.00092 -0.00375 
0.00222 0.00585 0.00010 
-0.00120 0.00032 -0.00915 
0.00160 0.00343 -0.01047 
0.00300 -0.00212 -0.00882 
0.00500 0.00875 0.00160 
0.00057 0.00443 -0.00845 
0.00183 0.00180 -0.00403 
-0.00005 0.00043 -0.00160 
-0.00012 0.00100 -0.00582 
-0.00615 0.00002 0.00332 
0.00117 -0.00333 -0.00735 
0.00190 -0.00313 -0.00440 
-0.00390 0.00070 -0.00048 
-0.00377 0.00173 -0.00910 
0.00135 0.00587 0.00182 
-0.00003 0.00632 0.00110 
-0.00615 0.00370 -0.00705 
-0.00755 0.00485 -0.00260 
0.00248 0.00310 -0.00245 
0.00520 0.00697 0.00125 
0.00310 0.00180 -0.01530 
0.00528 0.00172 -0.01110 
0.00353 -0.00022 0.00155 
0.00822 0.00205 0.00025 
0.00447 -0.00225 -0.00233 
-0.00580 -0.00328 0.00038 
-0.00152 -0.00085 -0.00230 
-0.00095 0.00367 -0.00953 
0.00642 -0.00117 -0.00175 
0.00105 0.00022 -0.00680 
0.00217 -0.00100 0.00048 
0.00448 0.00108 -0.00500 
0.00085 0.00333 0.00343 
0.00020 0.00623 0.00545 
-0.00605 0.00187 -0.00087 
0.00255 0.00452 -0.00823 
0.00240 0.00302 -0.00412 
0.00018 -0.00440 -0.00257 
0.00255 -0.00287 -0.00282 
0.00282 0.00297 -0.00723 
0.00288 0.00742 -0.00340 
0.00205 0.00057 -0.00233 
-0.01095 0.00268 -0.00873 
0.00075 0.00298 -0.00613 
0.00170 0.00560 -0.00975 
-0.00270 0.00455 -0.00572 
0.00830 -0.00208 -0.00370 
-0.00235 0.00513 -0.00305 
0.00185 -0.00065 -0.01345 
-0.00490 -0.00075 0.00133 
-0.00363 -0.00242 -0.00018 
-0.00735 -0.00192 -0.00053 
0.00345 0.00495 -0.00027 
-0.00132 0.00242 0.00525 
0.00697 0.00125 -0.00310 
0.00448 0.00250 -0.00467 
0.00385 0.00375 -0.00405 
-0.00133 -0.00137 -0.00485 
0.00107 -0.00020 -0.00792 
0.00313 0.00568 0.00113 
0.00195 0.00970 0.00203 
-0.00120 0.00172 -0.00323 
0.00165 0.00175 -0.00392 
0.00732 -0.00300 -0.00355 
-0.00180 -0.00285 -0.00890 
-0.00250 0.00588 -0.00763 
-0.00722 -0.00055 -0.00440 
0.00108 0.00320 -0.00213 
0.00417 0.00140 -0.00525 
0.00155 -0.00057 0.00470 
0.00255 0.00315 0.00373 
0.00360 0.00275 -0.00638 
0.00583 0.00417 -0.00305 
-0.00017 -0.00275 -0.00855 
0.00388 0.00148 -0.00480 
0.00470 0.00478 0.00358 
0.00272 0.00768 0.00122 
-0.00330 0.00190 -0.00400 
0.00003 0.00110 -0.00330 
0.00673 0.00340 -0.00920 
0.00253 0.00177 0.00207 
0.00518 0.00517 -0.00757 
0.00470 0.00300 -0.00313 
0.00575 0.00093 0.00275 
-0.00023 0.00960 -0.00698 
-0.00343 -0.00000 -0.00205 
0.00268 0.00002 0.00713 
0.00205 0.00493 -0.00252 
-0.00040 -0.00315 -0.00725 
-0.00620 0.00122 -0.00128 
0.00267 0.00135 0.00242 
0.00507 0.00310 -0.00485 
-0.00477 -0.00097 -0.00343 
0.00200 0.00503 -0.00835 
-0.00030 -0.00370 0.00353 
0.00242 0.00085 -0.00280 
-0.00190 0.00180 -0.00607 
-0.00415 0.00223 -0.00650 
-0.00077 -0.00030 -0.00040 
0.00210 0.00088 -0.00655 
0.00187 0.00243 -0.00812 
0.00195 0.00533 -0.00008 
-0.00040 -0.00015 -0.01078 
0.00665 0.00453 -0.00030 
0.00060 0.00420 -0.00617 
0.00270 -0.00223 0.00050 
0.00185 0.00110 -0.00355 
0.00062 0.00705 0.00333 
0.00605 0.00103 0.00020 
-0.00530 -0.00378 -0.01098 
0.00323 0.00155 -0.00738 
0.00328 -0.00002 0.00415 
0.00020 0.00577 0.00370 
0.00028 -0.00253 0.00675 
-0.00335 -0.00125 -0.00755 
0.00555 -0.00537 -0.00828 
0.00505 0.00645 0.00195 
-0.00005 0.00208 0.00097 
-0.00453 0.00347 -0.00030 
-0.00470 -0.00008 0.00158 
0.00678 0.00355 0.00542 
-0.00663 0.00295 -0.00620 
0.00208 -0.00420 0.00307 
0.00032 0.00200 -0.00433 
-0.00060 0.00408 -0.00512 
0.00345 0.00353 0.00475 
0.00083 0.00315 -0.00325 
0.00890 0.00467 0.00110 
0.00278 0.00358 -0.00403 
-0.00025 0.00263 0.00392 
-0.00177 0.00235 -0.00310 
0.00310 0.00297 0.00173 
-0.00135 -0.00330 -0.00377 
0.00100 0.00505 -0.00460 
0.00125 0.01082 0.00237 
0.00495 0.00400 -0.01000 
0.00305 0.00325 -0.01140 
0.00613 0.00163 -0.00293 
0.00107 0.00523 -0.00562 
0.00293 0.00278 -0.00137 
0.00640 0.00467 0.00207 
0.00150 -0.00235 -0.00820 
-0.00105 0.00497 0.00622 
-0.00125 0.00217 -0.00545 
0.00048 0.00028 -0.00335 
0.00272 0.01100 -0.00577 
0.00368 0.00130 -0.00988 
0.00428 0.00778 -0.00487 
-0.00827 0.00240 -0.00257 
0.00555 0.01085 0.00050 
-0.00177 -0.00343 -0.00137 
0.00395 0.00978 -0.00627 
0.00165 0.00388 -0.01215 
-0.00285 0.00030 -0.00170 
0.00052 0.00320 -0.00425 
0.00742 0.00335 -0.00425 
0.00353 0.00142 0.00050 
-0.00297 0.00337 -0.00033 
0.00503 0.00718 0.00070 
0.00235 0.00780 -0.00520 
0.00360 -0.00152 0.00243 
-0.00385 0.00195 0.00105 
0.00393 -0.00455 -0.00695 
0.00320 0.00038 -0.00142 
0.00077 0.00313 -0.00448 
0.00343 0.00278 -0.00907 
0.00217 -0.00105 -0.00075 
-0.00437 0.00080 -0.00030 
0.00673 0.00505 -0.00377 
0.00090 0.00155 0.00132 
0.00012 -0.00308 -0.00553 
-0.00150 -0.00495 0.00630 
0.00280 0.00270 0.00182 
0.00147 0.00288 -0.00160 
-0.00320 -0.00310 0.00440 
0.00540 0.00250 -0.00640 
0.00370 -0.00123 -0.00237 
0.00655 0.00315 -0.00090 
0.00747 0.00110 0.00218 
-0.00393 -0.00145 -0.01095 
0.00215 0.00142 -0.00375 
0.00493 0.00280 0.00023 
-0.00395 -0.00308 -0.00473 
0.00177 -0.00197 -0.00390 
0.00190 0.00347 -0.00680 
0.00570 0.00190 -0.00192 
0.00010 0.00010 -0.00862 
-0.00172 -0.00190 0.00103 
-0.00035 -0.01082 0.00065 
-0.00048 0.00185 -0.00130 
0.00120 0.00537 0.00038 
0.00448 0.00345 -0.00263 
0.00292 0.00557 -0.00630 
0.00035 0.00915 -0.00753 
-0.00430 -0.00038 -0.00080 
0.00600 -0.00472 -0.00825 
0.00978 0.00908 -0.00530 
-0.00593 0.00177 -0.00493 
0.00205 0.00115 -0.00042 
0.00158 0.00105 0.00053 
-0.00313 -0.00028 -0.00053 
-0.00217 0.00168 -0.00110 
0.00533 0.00492 -0.01268 
0.00650 0.00787 -0.00598 
-0.00175 -0.00590 -0.00045 
0.00023 0.00302 -0.00437 
0.00608 0.00125 -0.00218 
-0.00705 0.00133 -0.00835 
-0.00132 0.00455 -0.00715 
-0.00587 -0.00773 0.00678 
0.00110 -0.00045 -0.00635 
0.00277 0.00522 -0.00925 
0.00155 0.00345 -0.01087 
0.00590 0.00638 -0.00665 
0.00038 0.00230 -0.00035 
0.00288 -0.00315 -0.00510 
-0.00023 0.00790 -0.00572 
0.00765 0.00038 0.00038 
0.00202 -0.00062 0.00320 
0.00342 0.00282 -0.00072 
-0.00140 -0.00025 -0.01160 
0.00703 -0.00470 -0.01137 
0.00810 0.00065 -0.00223 
-0.00790 0.00712 -0.00200 
0.00055 0.00733 -0.00602 
0.00052 0.00120 -0.00385 
0.00458 0.00072 -0.00230 
0.00292 -0.00080 0.00263 
0.00762 0.00737 0.00033 
-0.00362 0.00148 -0.00042 
0.00325 0.00705 -0.00995 
0.00210 0.00343 -0.00032 
-0.00203 -0.00710 0.00278 
0.00720 0.00272 -0.00750 
0.00465 0.00887 -0.00340 
0.00535 0.00573 0.00027 
-0.00305 -0.00497 0.00032 
0.00002 0.00407 -0.00348 
0.00642 -0.00257 -0.01220 
0.00405 0.00270 -0.00410 
-0.00123 0.00187 -0.00510 
0.00310 0.00087 -0.00260 
0.00533 0.00015 -0.00963 
0.00188 -0.00048 -0.00492 
-0.00183 -0.00235 -0.00510 
-0.00082 0.00302 0.00135 
0.00935 0.00627 -0.00373 
0.00320 0.00797 -0.00858 
0.00117 0.00220 -0.00825 
0.00645 0.00330 0.00350 
0.00373 -0.00062 -0.00633 
-0.00090 -0.00008 -0.00668 
-0.00067 -0.00010 -0.00277 
0.00177 0.00225 -0.00775 
0.00572 0.00898 -0.00555 
-0.00165 0.00013 0.00012 
0.00095 -0.00303 -0.00328 
0.00265 0.00930 0.00190 
0.00023 0.00110 -0.00552 
-0.00800 -0.00737 -0.00297 
0.00303 0.00215 -0.00200 
0.00095 0.00508 -0.00510 
-0.00455 0.00202 -0.00422 
0.00192 0.00170 0.00120 
0.00185 0.00337 -0.00463 
-0.00253 0.00213 0.00088 
0.00460 0.00423 0.00128 
-0.00015 0.00395 -0.00415 
0.00090 0.00060 -0.00010 
-0.01220 0.00260 0.00225 
0.00182 0.00200 -0.00218 
0.00210 0.00275 -0.00277 
-0.00298 -0.00083 -0.00580 
0.00520 -0.00703 -0.00493 
0.00223 -0.00097 -0.00790 
0.00330 0.00285 -0.00565 
0.00543 0.00065 0.00042 
-0.00175 -0.00733 0.00058 
0.00497 0.00350 -0.00050 
-0.00420 0.00213 0.00210 
0.00142 0.00115 -0.00980 
0.00735 -0.00148 -0.01203 
0.00690 -0.00330 -0.00210 
0.00183 0.00395 -0.00343 
-0.00112 0.00108 -0.00317 
-0.01175 0.00052 0.00433 
-0.00107 -0.00140 -0.00225 
0.00050 0.00840 0.00560 
0.00383 0.00178 -0.00443 
0.00608 -0.00100 -0.00763 
0.00095 -0.00047 -0.00945 
-0.00085 -0.00507 0.00435 
0.00143 -0.00130 0.00343 
0.00135 -0.00045 -0.00738 
0.00008 -0.00048 -0.00903 
0.00092 -0.00285 -0.00732 
0.00340 0.00570 -0.00433 
0.00603 0.00777 -0.00347 
-0.00067 0.00500 -0.00887 
0.00608 -0.00272 -0.01145 
0.00072 -0.00313 -0.01035 
0.00495 0.00345 -0.00430 
-0.00725 0.00148 -0.00100 
0.00690 0.00113 0.00117 
-0.00040 0.00042 -0.00252 
-0.00040 0.00280 -0.00655 
0.00160 -0.00287 -0.01130 
0.00460 -0.00013 -0.00388 
0.00168 -0.00155 -0.00512 
-0.00350 0.00357 -0.00968 
-0.00883 0.00750 -0.00310 
0.00362 -0.00108 0.01315 
0.00230 0.00510 -0.00617 
0.00180 0.00130 -0.00570 
0.00068 0.00248 0.00407 
0.00232 0.00023 -0.00137 
-0.00043 -0.00020 -0.00428 
0.00158 0.00128 -0.00233 
0.00090 0.00262 -0.00610 
0.00167 0.00245 -0.00900 
0.00567 0.00048 -0.00483 
0.00555 0.00208 0.00343 
0.00355 0.00090 -0.00108 
0.01102 0.00078 0.00072 
0.00060 -0.00373 -0.00233 
-0.00310 -0.00250 -0.00435 
0.00088 -0.00160 -0.00047 
0.00162 0.00575 0.00365 
0.00592 0.00553 -0.00377 
0.00255 0.00095 -0.00282 
0.00348 -0.00378 -0.00800 
-0.00333 0.00105 -0.00733 
0.00895 0.00010 -0.00565 
0.00413 0.00005 -0.00440 
0.00162 0.00550 0.00147 
0.00197 0.00278 -0.00405 
0.00173 0.00337 -0.00388 
0.00528 0.00557 -0.00345 
0.00125 0.00728 0.00195 
0.00310 0.00697 0.00220 
0.00017 0.00250 -0.00460 
0.00290 0.00673 -0.00540 
0.00460 -0.00413 -0.01110 
-0.00102 0.00457 -0.00347 
0.00435 -0.00125 -0.01020 
-0.00182 -0.00995 -0.00050 
0.00192 -0.00215 0.00102 
-0.00013 0.00847 -0.00525 
-0.00463 0.00272 -0.00972 
0.00268 0.00160 0.00070 
0.00448 0.00135 -0.00185 
0.00165 0.00373 0.00033 
0.00002 0.00318 -0.00310 
-0.00185 0.00470 0.00497 
-0.00180 -0.00297 0.00332 
0.00080 0.00125 -0.00135 
-0.00042 0.00377 0.00200 
0.00733 0.00055 0.00320 
-0.01405 0.00505 -0.00153 
-0.00158 -0.00533 -0.00525 
0.00548 0.00013 -0.00235 
-0.00040 0.00122 -0.00210 
0.00270 0.00150 0.00448 
SCALARS NextParticleID double 1 
LOOKUP_TABLE default
58 
3 
6 
109 
26 
1 
4 
30 
48 
0 
19 
44 
17 
13 
63 
52 
12 
62 
2 
36 
24 
23 
350 
25 
9 
35 
219 
378 
22 
418 
16 
481 
172 
377 
96 
196 
41 
29 
7 
234 
18 
356 
15 
278 
57 
38 
170 
92 
43 
69 
345 
466 
60 
42 
354 
64 
154 
61 
676 
55 
156 
386 
261 
71 
11 
85 
14 
102 
795 
153 
107 
83 
158 
380 
243 
116 
255 
506 
173 
404 
422 
70 
204 
195 
400 
50 
120 
78 
28 
275 
136 
169 
66 
68 
445 
98 
101 
49 
46 
250 
84 
89 
138 
230 
161 
164 
392 
152 
168 
32 
427 
387 
114 
47 
133 
159 
439 
112 
139 
409 
175 
412 
432 
292 
209 
110 
148 
108 
160 
149 
223 
73 
265 
72 
115 
441 
226 
90 
181 
122 
764 
444 
162 
494 
264 
97 
118 
74 
768 
796 
547 
140 
362 
242 
212 
191 
201 
182 
86 
33 
67 
111 
131 
216 
124 
229 
402 
104 
698 
151 
527 
305 
663 
359 
176 
784 
146 
95 
505 
157 
189 
221 
134 
300 
143 
262 
178 
211 
393 
185 
224 
610 
259 
190 
244 
776 
126 
179 
184 
127 
769 
206 
214 
425 
526 
100 
289 
105 
590 
482 
249 
165 
531 
498 
766 
301 
117 
199 
492 
210 
266 
554 
256 
674 
529 
287 
188 
202 
566 
290 
167 
797 
308 
245 
798 
128 
269 
309 
56 
549 
612 
324 
542 
313 
771 
459 
470 
237 
93 
253 
130 
306 
551 
712 
267 
774 
281 
328 
297 
644 
568 
343 
501 
778 
8 
81 
240 
348 
31 
363 
780 
430 
364 
186 
76 
428 
374 
366 
274 
75 
99 
45 
34 
21 
358 
794 
145 
180 
456 
401 
177 
106 
355 
372 
113 
479 
217 
410 
77 
135 
163 
369 
87 
142 
390 
538 
187 
763 
203 
783 
318 
119 
379 
424 
365 
799 
286 
399 
451 
523 
453 
770 
395 
213 
537 
433 
183 
171 
580 
785 
605 
475 
193 
496 
298 
679 
579 
739 
220 
548 
239 
144 
248 
462 
519 
246 
347 
654 
582 
792 
448 
571 
472 
787 
207 
716 
621 
598 
788 
252 
235 
773 
194 
767 
484 
790 
777 
782 
447 
623 
208 
632 
577 
779 
669 
335 
772 
329 
617 
706 
218 
604 
507 
304 
284 
333 
791 
662 
655 
200 
332 
786 
760 
756 
775 
637 
368 
357 
522 
37 
94 
5 
326 
241 
789 
595 
277 
765 
263 
79 
793 
383 
781 
40 
121 
280 
321 
559 
276 
800 
SCALARS PreviousParticleID double 1 
LOOKUP_TABLE default
354 
9 
74 
351 
37 
20 
343 
11 
36 
352 
404 
7 
429 
8 
5 
249 
10 
69 
4 
48 
32 
35 
53 
6 
18 
24 
55 
47 
127 
115 
57 
61 
537 
141 
12 
39 
370 
31 
210 
77 
99 
66 
399 
212 
130 
89 
41 
104 
364 
52 
60 
85 
64 
427 
-1 
96 
13 
91 
163 
63 
190 
59 
94 
84 
26 
107 
42 
373 
789 
356 
120 
79 
235 
346 
15 
50 
446 
237 
206 
374 
-1 
21 
72 
110 
350 
98 
143 
83 
80 
762 
38 
-1 
105 
-1 
788 
245 
135 
216 
119 
196 
49 
177 
142 
381 
408 
168 
97 
-1 
253 
2 
145 
413 
243 
65 
261 
122 
27 
-1 
138 
756 
201 
-1 
131 
156 
397 
108 
137 
-1 
230 
393 
129 
116 
492 
269 
-1 
411 
-1 
387 
447 
259 
102 
164 
193 
246 
169 
191 
139 
161 
252 
183 
133 
247 
440 
254 
224 
158 
220 
200 
367 
498 
684 
109 
151 
-1 
51 
221 
511 
186 
491 
226 
-1 
-1 
112 
362 
452 
431 
222 
-1 
587 
215 
25 
-1 
524 
181 
-1 
769 
241 
150 
460 
497 
178 
204 
767 
209 
-1 
308 
78 
176 
208 
344 
262 
276 
189 
203 
366 
68 
285 
40 
170 
519 
233 
213 
194 
783 
144 
-1 
477 
-1 
87 
441 
329 
-1 
331 
-1 
572 
289 
281 
287 
-1 
258 
225 
257 
272 
153 
517 
199 
-1 
88 
111 
-1 
-1 
185 
544 
310 
286 
234 
273 
-1 
297 
-1 
435 
321 
317 
-1 
-1 
293 
326 
270 
697 
277 
265 
335 
236 
315 
-1 
33 
90 
355 
535 
358 
359 
117 
360 
70 
22 
-1 
184 
347 
175 
73 
103 
1 
361 
503 
-1 
775 
-1 
132 
378 
-1 
101 
501 
95 
14 
388 
538 
152 
444 
391 
29 
419 
432 
420 
211 
75 
198 
81 
62 
67 
398 
616 
-1 
180 
405 
44 
323 
-1 
455 
268 
214 
106 
264 
463 
197 
140 
510 
263 
205 
502 
486 
777 
-1 
529 
136 
-1 
550 
641 
570 
516 
547 
617 
760 
-1 
46 
-1 
330 
776 
-1 
-1 
636 
575 
218 
-1 
525 
579 
506 
425 
475 
556 
-1 
255 
292 
244 
229 
-1 
591 
314 
396 
-1 
464 
692 
687 
784 
336 
605 
597 
288 
-1 
-1 
-1 
188 
328 
28 
672 
-1 
-1 
614 
-1 
333 
45 
-1 
500 
-1 
-1 
305 
-1 
23 
17 
757 
58 
379 
19 
424 
521 
559 
768 
240 
125 
306 
155 
670 
786 
369 
523 
173 
217 
223 
590 
771 
782 

 VERTICES 420 840 
1 0 
1 1 
1 2 
1 3 
1 4 
1 5 
1 6 
1 7 
1 8 
1 9 
1 10 
1 11 
1 12 
1 13 
1 14 
1 15 
1 16 
1 17 
1 18 
1 19 
1 20 
1 21 
1 22 
1 23 
1 24 
1 25 
1 26 
1 27 
1 28 
1 29 
1 30 
1 31 
1 32 
1 33 
1 34 
1 35 
1 36 
1 37 
1 38 
1 39 
1 40 
1 41 
1 42 
1 43 
1 44 
1 45 
1 46 
1 47 
1 48 
1 49 
1 50 
1 51 
1 52 
1 53 
1 54 
1 55 
1 56 
1 57 
1 58 
1 59 
1 60 
1 61 
1 62 
1 63 
1 64 
1 65 
1 66 
1 67 
1 68 
1 69 
1 70 
1 71 
1 72 
1 73 
1 74 
1 75 
1 76 
1 77 
1 78 
1 79 
1 80 
1 81 
1 82 
1 83 
1 84 
1 85 
1 86 
1 87 
1 88 
1 89 
1 90 
1 91 
1 92 
1 93 
1 94 
1 95 
1 96 
1 97 
1 98 
1 99 
1 100 
1 101 
1 102 
1 103 
1 104 
1 105 
1 106 
1 107 
1 108 
1 109 
1 110 
1 111 
1 112 
1 113 
1 114 
1 115 
1 116 
1 117 
1 118 
1 119 
1 120 
1 121 
1 122 
1 123 
1 124 
1 125 
1 126 
1 127 
1 128 
1 129 
1 130 
1 131 
1 132 
1 133 
1 134 
1 135 
1 136 
1 137 
1 138 
1 139 
1 140 
1 141 
1 142 
1 143 
1 144 
1 145 
1 146 
1 147 
1 148 
1 149 
1 150 
1 151 
1 152 
1 153 
1 154 
1 155 
1 156 
1 157 
1 158 
1 159 
1 160 
1 161 
1 162 
1 163 
1 164 
1 165 
1 166 
1 167 
1 168 
1 169 
1 170 
1 171 
1 172 
1 173 
1 174 
1 175 
1 176 
1 177 
1 178 
1 179 
1 180 
1 181 
1 182 
1 183 
1 184 
1 185 
1 186 
1 187 
1 188 
1 189 
1 190 
1 191 
1 192 
1 193 
1 194 
1 195 
1 196 
1 197 
1 198 
1 199 
1 200 
1 201 
1 202 
1 203 
1 204 
1 205 
1 206 
1 207 
1 208 
1 209 
1 210 
1 211 
1 212 
1 213 
1 214 
1 215 
1 216 
1 217 
1 218 
1 219 
1 220 
1 221 
1 222 
1 223 
1 224 
1 225 
1 226 
1 227 
1 228 
1 229 
1 230 
1 231 
1 232 
1 233 
1 234 
1 235 
1 236 
1 237 
1 238 
1 239 
1 240 
1 241 
1 242 
1 243 
1 244 
1 245 
1 246 
1 247 
1 248 
1 249 
1 250 
1 251 
1 252 
1 253 
1 254 
1 255 
1 256 
1 257 
1 258 
1 259 
1 260 
1 261 
1 262 
1 263 
1 264 
1 265 
1 266 
1 267 
1 268 
1 269 
1 270 
1 271 
1 272 
1 273 
1 274 
1 275 
1 276 
1 277 
1 278 
1 279 
1 280 
1 281 
1 282 
1 283 
1 284 
1 285 
1 286 
1 287 
1 288 
1 289 
1 290 
1 291 
1 292 
1 293 
1 294 
1 295 
1 296 
1 297 
1 298 
1 299 
1 300 
1 301 
1 302 
1 303 
1 304 
1 305 
1 306 
1 307 
1 308 
1 309 
1 310 
1 311 
1 312 
1 313 
1 314 
1 315 
1 316 
1 317 
1 318 
1 319 
1 320 
1 321 
1 322 
1 323 
1 324 
1 325 
1 326 
1 327 
1 328 
1 329 
1 330 
1 331 
1 332 
1 333 
1 334 
1 335 
1 336 
1 337 
1 338 
1 339 
1 340 
1 341 
1 342 
1 343 
1 344 
1 345 
1 346 
1 347 
1 348 
1 349 
1 350 
1 351 
1 352 
1 353 
1 354 
1 355 
1 356 
1 357 
1 358 
1 359 
1 360 
1 361 
1 362 
1 363 
1 364 
1 365 
1 366 
1 367 
1 368 
1 369 
1 370 
1 371 
1 372 
1 373 
1 374 
1 375 
1 376 
1 377 
1 378 
1 379 
1 380 
1 381 
1 382 
1 383 
1 384 
1 385 
1 386 
1 387 
1 388 
1 389 
1 390 
1 391 
1 392 
1 393 
1 394 
1 395 
1 396 
1 397 
1 398 
1 399 
1 400 
1 401 
1 402 
1 403 
1 404 
1 405 
1 406 
1 407 
1 408 
1 409 
1 410 
1 411 
1 412 
1 413 
1 414 
1 415 
1 416 
1 417 
1 418 
1 419 
POINT_DATA 420 
SCALARS MeanU double 1 
LOOKUP_TABLE default
0.18360 
0.08941 
0.05988 
0.13269 
0.10087 
0.13799 
0.06177 
0.19379 
0.19462 
0.23605 
0.18067 
0.09442 
0.14107 
0.15854 
0.13202 
0.04937 
0.11064 
0.16917 
0.06995 
0.09765 
0.12995 
0.09404 
0.15631 
0.18944 
0.14785 
0.07151 
0.15264 
0.20184 
0.17344 
0.28652 
0.08690 
0.11187 
0.12995 
0.14869 
0.12203 
0.15594 
0.11598 
0.20951 
0.07880 
0.10888 
0.11677 
0.11731 
0.22950 
0.27164 
0.16021 
0.18841 
0.19340 
0.11625 
0.12780 
0.17231 
0.12908 
0.14809 
0.16855 
0.09918 
0.07956 
0.04347 
0.07869 
0.12519 
0.18468 
0.22273 
0.19120 
0.20408 
0.19112 
0.09544 
0.03312 
0.11823 
0.13983 
0.16304 
0.11443 
0.07981 
0.20004 
0.12597 
0.12840 
0.20121 
0.18685 
0.09325 
0.17579 
0.31429 
0.24820 
0.07715 
0.16961 
0.11044 
0.13343 
0.05775 
0.20507 
0.13524 
0.13769 
0.04881 
0.13591 
0.09697 
0.16552 
0.12788 
0.19455 
0.11301 
0.10202 
0.09539 
0.16617 
0.17315 
0.06305 
0.28509 
0.13701 
0.22743 
0.15591 
0.18642 
0.12820 
0.27184 
0.10262 
0.08730 
0.15232 
0.12080 
0.11866 
0.15469 
0.13875 
0.13459 
0.10425 
0.16000 
0.13151 
0.20198 
0.07698 
0.09207 
0.17350 
0.19034 
0.19890 
0.16954 
0.07978 
0.13704 
0.09965 
0.11009 
0.15641 
0.15577 
0.17966 
0.12686 
0.15188 
0.16472 
0.11045 
0.06957 
0.23785 
0.07438 
0.21066 
0.12784 
0.12881 
0.23737 
0.07983 
0.15221 
0.11804 
0.15830 
0.12894 
0.07709 
0.15348 
0.11913 
0.19897 
0.10238 
0.07601 
0.13230 
0.16053 
0.01845 
0.13868 
0.17368 
0.11343 
0.21567 
0.16098 
0.14984 
0.07068 
0.08303 
0.15640 
0.12279 
0.25518 
0.16394 
0.10573 
0.13723 
0.14424 
0.16708 
0.22642 
0.16841 
0.04586 
0.11427 
0.09915 
0.18755 
0.19082 
0.11207 
0.09552 
0.13150 
0.13695 
0.09201 
0.20226 
0.12113 
0.09457 
0.08552 
0.09260 
0.10385 
0.13808 
0.22305 
0.23707 
0.24481 
0.13959 
0.15504 
0.08520 
0.16386 
0.17322 
0.16075 
0.11999 
0.06789 
0.25438 
0.21233 
0.20248 
0.17985 
0.24395 
0.08191 
0.24538 
0.25719 
0.06664 
0.10692 
0.18376 
0.07670 
0.09022 
0.17575 
0.19329 
0.09201 
0.08883 
0.18375 
0.07046 
0.11026 
0.20178 
0.05058 
0.08915 
0.18437 
0.04458 
0.12649 
0.16302 
0.08593 
0.07211 
0.12524 
0.17478 
0.09128 
0.14647 
0.15725 
0.23444 
0.09103 
0.11340 
0.13767 
0.09436 
0.15739 
0.12618 
0.17252 
0.05527 
0.21700 
0.04621 
0.11040 
0.12461 
0.17813 
0.23704 
0.08780 
0.22484 
0.28705 
0.15813 
0.04777 
0.03929 
0.06361 
0.05915 
0.29207 
0.23661 
0.12341 
0.10647 
0.13145 
0.22016 
0.17156 
0.23672 
0.12921 
0.21960 
0.23028 
0.21879 
0.04713 
0.13296 
0.19518 
0.15337 
0.07676 
0.08997 
0.23374 
0.28343 
0.16850 
0.21650 
0.19001 
0.08133 
0.10343 
0.08022 
0.21226 
0.07873 
0.25240 
0.08061 
0.15775 
0.21496 
0.21161 
0.15681 
0.11689 
0.10711 
0.28054 
0.12728 
0.11140 
0.08279 
0.22002 
0.10582 
0.11809 
0.06828 
0.23721 
0.24279 
0.17238 
0.16093 
0.14734 
0.13472 
0.05715 
0.16526 
0.24011 
0.03319 
0.09117 
0.19710 
0.11276 
0.22560 
0.08432 
0.14515 
0.13062 
0.05669 
0.12034 
0.06828 
0.12749 
0.11463 
0.02173 
0.25351 
0.06946 
0.08871 
0.13141 
0.20065 
0.16530 
0.14274 
0.10961 
0.15106 
0.12207 
0.10308 
0.19939 
0.28341 
0.15863 
0.11075 
0.07072 
0.25063 
0.05719 
0.20216 
0.12225 
0.19601 
0.19019 
0.13476 
0.07862 
0.15022 
0.18076 
0.15828 
0.15844 
0.20864 
0.20418 
0.26490 
0.21672 
0.14818 
0.14932 
0.14178 
0.05183 
0.14269 
0.23539 
0.12032 
0.11220 
0.21784 
0.23978 
0.27366 
0.16665 
0.12234 
0.09631 
0.05421 
0.08601 
0.06168 
0.13403 
0.18953 
0.14928 
0.13688 
0.07634 
0.22152 
0.08864 
0.11795 
0.03769 
0.14004 
0.17875 
0.07845 
0.19008 
0.16225 
0.21169 
0.12063 
0.11843 
0.10584 
0.10841 
0.16830 
0.15270 
0.15887 
0.10477 
0.18198 
0.25408 
0.11672 
0.22318 
0.20257 
0.06125 
0.19940 
0.22216 
0.06389 
0.10054 
0.08174 
0.08875 
0.14179 
0.09622 
0.04012 
0.08586 
0.16025 
0.30015 
0.15284 
0.11919 
0.04928 
0.10875 

 VECTORS Umean float 
0.00300 -0.05850 -0.17400 
0.03200 -0.06100 -0.05700 
-0.04450 -0.01950 -0.03500 
0.03750 0.01800 -0.12600 
-0.00950 0.07200 -0.07000 
-0.07150 -0.11800 -0.00200 
0.00550 -0.04300 -0.04400 
0.06400 0.16400 -0.08100 
-0.14750 0.07950 -0.09900 
-0.01450 0.14900 -0.18250 
0.05150 -0.07200 -0.15750 
-0.02600 0.00700 -0.09050 
0.11500 0.05950 -0.05600 
0.03050 0.11150 -0.10850 
-0.03800 -0.01050 -0.12600 
-0.03850 -0.00500 -0.03050 
0.07350 0.07850 -0.02600 
0.12950 0.06800 -0.08500 
-0.02450 -0.05150 -0.04050 
-0.09350 0.01300 -0.02500 
0.05250 0.11600 -0.02600 
0.01650 0.09050 0.01950 
-0.02000 -0.02500 -0.15300 
-0.00800 0.18500 0.04000 
0.00350 0.10250 -0.10650 
0.04100 0.05250 0.02600 
-0.10650 -0.09450 0.05500 
0.03950 0.19500 0.03400 
0.16850 0.02450 -0.03300 
0.01050 0.07250 -0.27700 
0.04300 0.00150 -0.07550 
0.08850 0.03100 0.06100 
0.12300 0.00600 0.04150 
-0.09000 0.11500 -0.02800 
0.06300 0.09150 -0.05050 
-0.05050 -0.05600 -0.13650 
-0.04650 0.10250 0.02800 
-0.14750 -0.14750 0.01950 
-0.07300 -0.02500 0.01600 
-0.04150 0.07600 -0.06600 
0.02500 0.07550 -0.08550 
0.05600 -0.04000 -0.09500 
0.10000 0.15050 -0.14150 
0.06250 -0.09550 -0.24650 
0.03600 0.04150 -0.15050 
0.06150 0.01450 -0.17750 
0.15150 0.11300 0.04100 
-0.02900 -0.00400 -0.11250 
0.02400 -0.01950 -0.12400 
0.07050 0.06750 -0.14200 
-0.11250 -0.05700 0.02750 
0.06700 0.03050 0.12850 
-0.04200 0.01550 -0.16250 
0.05950 -0.05250 -0.05950 
0.07250 0.01700 0.02800 
0.01350 0.01500 0.03850 
0.01500 0.01850 -0.07500 
0.04450 0.11700 0.00200 
-0.02400 0.00650 -0.18300 
0.03200 0.06850 -0.20950 
0.06000 -0.04250 -0.17650 
0.10000 0.17500 0.03200 
0.01150 0.08850 -0.16900 
0.03650 0.03600 -0.08050 
-0.00100 0.00850 -0.03200 
-0.00250 0.02000 -0.11650 
-0.12300 0.00050 0.06650 
0.02350 -0.06650 -0.14700 
0.03800 -0.06250 -0.08800 
-0.07800 0.01400 -0.00950 
-0.07550 0.03450 -0.18200 
0.02700 0.11750 0.03650 
-0.00050 0.12650 0.02200 
-0.12300 0.07400 -0.14100 
-0.15100 0.09700 -0.05200 
0.04950 0.06200 -0.04900 
0.10400 0.13950 0.02500 
0.06200 0.03600 -0.30600 
0.10550 0.03450 -0.22200 
0.07050 -0.00450 0.03100 
0.16450 0.04100 0.00500 
0.08950 -0.04500 -0.04650 
-0.11600 -0.06550 0.00750 
-0.03050 -0.01700 -0.04600 
-0.01900 0.07350 -0.19050 
0.12850 -0.02350 -0.03500 
0.02100 0.00450 -0.13600 
0.04350 -0.02000 0.00950 
0.08950 0.02150 -0.10000 
0.01700 0.06650 0.06850 
0.00400 0.12450 0.10900 
-0.12100 0.03750 -0.01750 
0.05100 0.09050 -0.16450 
0.04800 0.06050 -0.08250 
0.00350 -0.08800 -0.05150 
0.05100 -0.05750 -0.05650 
0.05650 0.05950 -0.14450 
0.05750 0.14850 -0.06800 
0.04100 0.01150 -0.04650 
-0.21900 0.05350 -0.17450 
0.01500 0.05950 -0.12250 
0.03400 0.11200 -0.19500 
-0.05400 0.09100 -0.11450 
0.16600 -0.04150 -0.07400 
-0.04700 0.10250 -0.06100 
0.03700 -0.01300 -0.26900 
-0.09800 -0.01500 0.02650 
-0.07250 -0.04850 -0.00350 
-0.14700 -0.03850 -0.01050 
0.06900 0.09900 -0.00550 
-0.02650 0.04850 0.10500 
0.13950 0.02500 -0.06200 
0.08950 0.05000 -0.09350 
0.07700 0.07500 -0.08100 
-0.02650 -0.02750 -0.09700 
0.02150 -0.00400 -0.15850 
0.06250 0.11350 0.02250 
0.03900 0.19400 0.04050 
-0.02400 0.03450 -0.06450 
0.03300 0.03500 -0.07850 
0.14650 -0.06000 -0.07100 
-0.03600 -0.05700 -0.17800 
-0.05000 0.11750 -0.15250 
-0.14450 -0.01100 -0.08800 
0.02150 0.06400 -0.04250 
0.08350 0.02800 -0.10500 
0.03100 -0.01150 0.09400 
0.05100 0.06300 0.07450 
0.07200 0.05500 -0.12750 
0.11650 0.08350 -0.06100 
-0.00350 -0.05500 -0.17100 
0.07750 0.02950 -0.09600 
0.09400 0.09550 0.07150 
0.05450 0.15350 0.02450 
-0.06600 0.03800 -0.08000 
0.00050 0.02200 -0.06600 
0.13450 0.06800 -0.18400 
0.05050 0.03550 0.04150 
0.10350 0.10350 -0.15150 
0.09400 0.06000 -0.06250 
0.11500 0.01850 0.05500 
-0.00450 0.19200 -0.13950 
-0.06850 -0.00000 -0.04100 
0.05350 0.00050 0.14250 
0.04100 0.09850 -0.05050 
-0.00800 -0.06300 -0.14500 
-0.12400 0.02450 -0.02550 
0.05350 0.02700 0.04850 
0.10150 0.06200 -0.09700 
-0.09550 -0.01950 -0.06850 
0.04000 0.10050 -0.16700 
-0.00600 -0.07400 0.07050 
0.04850 0.01700 -0.05600 
-0.03800 0.03600 -0.12150 
-0.08300 0.04450 -0.13000 
-0.01550 -0.00600 -0.00800 
0.04200 0.01750 -0.13100 
0.03750 0.04850 -0.16250 
0.03900 0.10650 -0.00150 
-0.00800 -0.00300 -0.21550 
0.13300 0.09050 -0.00600 
0.01200 0.08400 -0.12350 
0.05400 -0.04450 0.01000 
0.03700 0.02200 -0.07100 
0.01250 0.14100 0.06650 
0.12100 0.02050 0.00400 
-0.10600 -0.07550 -0.21950 
0.06450 0.03100 -0.14750 
0.06550 -0.00050 0.08300 
0.00400 0.11550 0.07400 
0.00550 -0.05050 0.13500 
-0.06700 -0.02500 -0.15100 
0.11100 -0.10750 -0.16550 
0.10100 0.12900 0.03900 
-0.00100 0.04150 0.01950 
-0.09050 0.06950 -0.00600 
-0.09400 -0.00150 0.03150 
0.13550 0.07100 0.10850 
-0.13250 0.05900 -0.12400 
0.04150 -0.08400 0.06150 
0.00650 0.04000 -0.08650 
-0.01200 0.08150 -0.10250 
0.06900 0.07050 0.09500 
0.01650 0.06300 -0.06500 
0.17800 0.09350 0.02200 
0.05550 0.07150 -0.08050 
-0.00500 0.05250 0.07850 
-0.03550 0.04700 -0.06200 
0.06200 0.05950 0.03450 
-0.02700 -0.06600 -0.07550 
0.02000 0.10100 -0.09200 
0.02500 0.21650 0.04750 
0.09900 0.08000 -0.20000 
0.06100 0.06500 -0.22800 
0.12250 0.03250 -0.05850 
0.02150 0.10450 -0.11250 
0.05850 0.05550 -0.02750 
0.12800 0.09350 0.04150 
0.03000 -0.04700 -0.16400 
-0.02100 0.09950 0.12450 
-0.02500 0.04350 -0.10900 
0.00950 0.00550 -0.06700 
0.05450 0.22000 -0.11550 
0.07350 0.02600 -0.19750 
0.08550 0.15550 -0.09750 
-0.16550 0.04800 -0.05150 
0.11100 0.21700 0.01000 
-0.03550 -0.06850 -0.02750 
0.07900 0.19550 -0.12550 
0.03300 0.07750 -0.24300 
-0.05700 0.00600 -0.03400 
0.01050 0.06400 -0.08500 
0.14850 0.06700 -0.08500 
0.07050 0.02850 0.01000 
-0.05950 0.06750 -0.00650 
0.10050 0.14350 0.01400 
0.04700 0.15600 -0.10400 
0.07200 -0.03050 0.04850 
-0.07700 0.03900 0.02100 
0.07850 -0.09100 -0.13900 
0.06400 0.00750 -0.02850 
0.01550 0.06250 -0.08950 
0.06850 0.05550 -0.18150 
0.04350 -0.02100 -0.01500 
-0.08750 0.01600 -0.00600 
0.13450 0.10100 -0.07550 
0.01800 0.03100 0.02650 
0.00250 -0.06150 -0.11050 
-0.03000 -0.09900 0.12600 
0.05600 0.05400 0.03650 
0.02950 0.05750 -0.03200 
-0.06400 -0.06200 0.08800 
0.10800 0.05000 -0.12800 
0.07400 -0.02450 -0.04750 
0.13100 0.06300 -0.01800 
0.14950 0.02200 0.04350 
-0.07850 -0.02900 -0.21900 
0.04300 0.02850 -0.07500 
0.09850 0.05600 0.00450 
-0.07900 -0.06150 -0.09450 
0.03550 -0.03950 -0.07800 
0.03800 0.06950 -0.13600 
0.11400 0.03800 -0.03850 
0.00200 0.00200 -0.17250 
-0.03450 -0.03800 0.02050 
-0.00700 -0.21650 0.01300 
-0.00950 0.03700 -0.02600 
0.02400 0.10750 0.00750 
0.08950 0.06900 -0.05250 
0.05850 0.11150 -0.12600 
0.00700 0.18300 -0.15050 
-0.08600 -0.00750 -0.01600 
0.12000 -0.09450 -0.16500 
0.19550 0.18150 -0.10600 
-0.11850 0.03550 -0.09850 
0.04100 0.02300 -0.00850 
0.03150 0.02100 0.01050 
-0.06250 -0.00550 -0.01050 
-0.04350 0.03350 -0.02200 
0.10650 0.09850 -0.25350 
0.13000 0.15750 -0.11950 
-0.03500 -0.11800 -0.00900 
0.00450 0.06050 -0.08750 
0.12150 0.02500 -0.04350 
-0.14100 0.02650 -0.16700 
-0.02650 0.09100 -0.14300 
-0.11750 -0.15450 0.13550 
0.02200 -0.00900 -0.12700 
0.05550 0.10450 -0.18500 
0.03100 0.06900 -0.21750 
0.11800 0.12750 -0.13300 
0.00750 0.04600 -0.00700 
0.05750 -0.06300 -0.10200 
-0.00450 0.15800 -0.11450 
0.15300 0.00750 0.00750 
0.04050 -0.01250 0.06400 
0.06850 0.05650 -0.01450 
-0.02800 -0.00500 -0.23200 
0.14050 -0.09400 -0.22750 
0.16200 0.01300 -0.04450 
-0.15800 0.14250 -0.04000 
0.01100 0.14650 -0.12050 
0.01050 0.02400 -0.07700 
0.09150 0.01450 -0.04600 
0.05850 -0.01600 0.05250 
0.15250 0.14750 0.00650 
-0.07250 0.02950 -0.00850 
0.06500 0.14100 -0.19900 
0.04200 0.06850 -0.00650 
-0.04050 -0.14200 0.05550 
0.14400 0.05450 -0.15000 
0.09300 0.17750 -0.06800 
0.10700 0.11450 0.00550 
-0.06100 -0.09950 0.00650 
0.00050 0.08150 -0.06950 
0.12850 -0.05150 -0.24400 
0.08100 0.05400 -0.08200 
-0.02450 0.03750 -0.10200 
0.06200 0.01750 -0.05200 
0.10650 0.00300 -0.19250 
0.03750 -0.00950 -0.09850 
-0.03650 -0.04700 -0.10200 
-0.01650 0.06050 0.02700 
0.18700 0.12550 -0.07450 
0.06400 0.15950 -0.17150 
0.02350 0.04400 -0.16500 
0.12900 0.06600 0.07000 
0.07450 -0.01250 -0.12650 
-0.01800 -0.00150 -0.13350 
-0.01350 -0.00200 -0.05550 
0.03550 0.04500 -0.15500 
0.11450 0.17950 -0.11100 
-0.03300 0.00250 0.00250 
0.01900 -0.06050 -0.06550 
0.05300 0.18600 0.03800 
0.00450 0.02200 -0.11050 
-0.16000 -0.14750 -0.05950 
0.06050 0.04300 -0.04000 
0.01900 0.10150 -0.10200 
-0.09100 0.04050 -0.08450 
0.03850 0.03400 0.02400 
0.03700 0.06750 -0.09250 
-0.05050 0.04250 0.01750 
0.09200 0.08450 0.02550 
-0.00300 0.07900 -0.08300 
0.01800 0.01200 -0.00200 
-0.24400 0.05200 0.04500 
0.03650 0.04000 -0.04350 
0.04200 0.05500 -0.05550 
-0.05950 -0.01650 -0.11600 
0.10400 -0.14050 -0.09850 
0.04450 -0.01950 -0.15800 
0.06600 0.05700 -0.11300 
0.10850 0.01300 0.00850 
-0.03500 -0.14650 0.01150 
0.09950 0.07000 -0.01000 
-0.08400 0.04250 0.04200 
0.02850 0.02300 -0.19600 
0.14700 -0.02950 -0.24050 
0.13800 -0.06600 -0.04200 
0.03650 0.07900 -0.06850 
-0.02250 0.02150 -0.06350 
-0.23500 0.01050 0.08650 
-0.02150 -0.02800 -0.04500 
0.01000 0.16800 0.11200 
0.07650 0.03550 -0.08850 
0.12150 -0.02000 -0.15250 
0.01900 -0.00950 -0.18900 
-0.01700 -0.10150 0.08700 
0.02850 -0.02600 0.06850 
0.02700 -0.00900 -0.14750 
0.00150 -0.00950 -0.18050 
0.01850 -0.05700 -0.14650 
0.06800 0.11400 -0.08650 
0.12050 0.15550 -0.06950 
-0.01350 0.10000 -0.17750 
0.12150 -0.05450 -0.22900 
0.01450 -0.06250 -0.20700 
0.09900 0.06900 -0.08600 
-0.14500 0.02950 -0.02000 
0.13800 0.02250 0.02350 
-0.00800 0.00850 -0.05050 
-0.00800 0.05600 -0.13100 
0.03200 -0.05750 -0.22600 
0.09200 -0.00250 -0.07750 
0.03350 -0.03100 -0.10250 
-0.07000 0.07150 -0.19350 
-0.17650 0.15000 -0.06200 
0.07250 -0.02150 0.26300 
0.04600 0.10200 -0.12350 
0.03600 0.02600 -0.11400 
0.01350 0.04950 0.08150 
0.04650 0.00450 -0.02750 
-0.00850 -0.00400 -0.08550 
0.03150 0.02550 -0.04650 
0.01800 0.05250 -0.12200 
0.03350 0.04900 -0.18000 
0.11350 0.00950 -0.09650 
0.11100 0.04150 0.06850 
0.07100 0.01800 -0.02150 
0.22050 0.01550 0.01450 
0.01200 -0.07450 -0.04650 
-0.06200 -0.05000 -0.08700 
0.01750 -0.03200 -0.00950 
0.03250 0.11500 0.07300 
0.11850 0.11050 -0.07550 
0.05100 0.01900 -0.05650 
0.06950 -0.07550 -0.16000 
-0.06650 0.02100 -0.14650 
0.17900 0.00200 -0.11300 
0.08250 0.00100 -0.08800 
0.03250 0.11000 0.02950 
0.03950 0.05550 -0.08100 
0.03450 0.06750 -0.07750 
0.10550 0.11150 -0.06900 
0.02500 0.14550 0.03900 
0.06200 0.13950 0.04400 
0.00350 0.05000 -0.09200 
0.05800 0.13450 -0.10800 
0.09200 -0.08250 -0.22200 
-0.02050 0.09150 -0.06950 
0.08700 -0.02500 -0.20400 
-0.03650 -0.19900 -0.01000 
0.03850 -0.04300 0.02050 
-0.00250 0.16950 -0.10500 
-0.09250 0.05450 -0.19450 
0.05350 0.03200 0.01400 
0.08950 0.02700 -0.03700 
0.03300 0.07450 0.00650 
0.00050 0.06350 -0.06200 
-0.03700 0.09400 0.09950 
-0.03600 -0.05950 0.06650 
0.01600 0.02500 -0.02700 
-0.00850 0.07550 0.04000 
0.14650 0.01100 0.06400 
-0.28100 0.10100 -0.03050 
-0.03150 -0.10650 -0.10500 
0.10950 0.00250 -0.04700 
-0.00800 0.02450 -0.04200 
0.05400 0.03000 0.08950 
SCALARS NextParticleID double 1 
LOOKUP_TABLE default
58 
3 
6 
109 
26 
1 
4 
30 
48 
0 
19 
44 
17 
13 
63 
52 
12 
62 
2 
36 
24 
23 
350 
25 
9 
35 
219 
378 
22 
418 
16 
481 
172 
377 
96 
196 
41 
29 
7 
234 
18 
356 
15 
278 
57 
38 
170 
92 
43 
69 
345 
466 
60 
42 
354 
64 
154 
61 
676 
55 
156 
386 
261 
71 
11 
85 
14 
102 
795 
153 
107 
83 
158 
380 
243 
116 
255 
506 
173 
404 
422 
70 
204 
195 
400 
50 
120 
78 
28 
275 
136 
169 
66 
68 
445 
98 
101 
49 
46 
250 
84 
89 
138 
230 
161 
164 
392 
152 
168 
32 
427 
387 
114 
47 
133 
159 
439 
112 
139 
409 
175 
412 
432 
292 
209 
110 
148 
108 
160 
149 
223 
73 
265 
72 
115 
441 
226 
90 
181 
122 
764 
444 
162 
494 
264 
97 
118 
74 
768 
796 
547 
140 
362 
242 
212 
191 
201 
182 
86 
33 
67 
111 
131 
216 
124 
229 
402 
104 
698 
151 
527 
305 
663 
359 
176 
784 
146 
95 
505 
157 
189 
221 
134 
300 
143 
262 
178 
211 
393 
185 
224 
610 
259 
190 
244 
776 
126 
179 
184 
127 
769 
206 
214 
425 
526 
100 
289 
105 
590 
482 
249 
165 
531 
498 
766 
301 
117 
199 
492 
210 
266 
554 
256 
674 
529 
287 
188 
202 
566 
290 
167 
797 
308 
245 
798 
128 
269 
309 
56 
549 
612 
324 
542 
313 
771 
459 
470 
237 
93 
253 
130 
306 
551 
712 
267 
774 
281 
328 
297 
644 
568 
343 
501 
778 
8 
81 
240 
348 
31 
363 
780 
430 
364 
186 
76 
428 
374 
366 
274 
75 
99 
45 
34 
21 
358 
794 
145 
180 
456 
401 
177 
106 
355 
372 
113 
479 
217 
410 
77 
135 
163 
369 
87 
142 
390 
538 
187 
763 
203 
783 
318 
119 
379 
424 
365 
799 
286 
399 
451 
523 
453 
770 
395 
213 
537 
433 
183 
171 
580 
785 
605 
475 
193 
496 
298 
679 
579 
739 
220 
548 
239 
144 
248 
462 
519 
246 
347 
654 
582 
792 
448 
571 
472 
787 
207 
716 
621 
598 
788 
252 
235 
773 
194 
767 
484 
790 
777 
782 
447 
623 
208 
632 
577 
779 
669 
335 
772 
329 
617 
706 
218 
604 
507 
304 
284 
333 
791 
662 
655 
200 
332 
786 
760 
756 
775 
637 
368 
357 
522 
37 
94 
5 
326 
241 
789 
595 
277 
765 
263 
79 
793 
383 
781 
40 
121 
280 
321 
559 
276 
800 
SCALARS PreviousParticleID double 1 
LOOKUP_TABLE default
354 
9 
74 
351 
37 
20 
343 
11 
36 
352 
404 
7 
429 
8 
5 
249 
10 
69 
4 
48 
32 
35 
53 
6 
18 
24 
55 
47 
127 
115 
57 
61 
537 
141 
12 
39 
370 
31 
210 
77 
99 
66 
399 
212 
130 
89 
41 
104 
364 
52 
60 
85 
64 
427 
-1 
96 
13 
91 
163 
63 
190 
59 
94 
84 
26 
107 
42 
373 
789 
356 
120 
79 
235 
346 
15 
50 
446 
237 
206 
374 
-1 
21 
72 
110 
350 
98 
143 
83 
80 
762 
38 
-1 
105 
-1 
788 
245 
135 
216 
119 
196 
49 
177 
142 
381 
408 
168 
97 
-1 
253 
2 
145 
413 
243 
65 
261 
122 
27 
-1 
138 
756 
201 
-1 
131 
156 
397 
108 
137 
-1 
230 
393 
129 
116 
492 
269 
-1 
411 
-1 
387 
447 
259 
102 
164 
193 
246 
169 
191 
139 
161 
252 
183 
133 
247 
440 
254 
224 
158 
220 
200 
367 
498 
684 
109 
151 
-1 
51 
221 
511 
186 
491 
226 
-1 
-1 
112 
362 
452 
431 
222 
-1 
587 
215 
25 
-1 
524 
181 
-1 
769 
241 
150 
460 
497 
178 
204 
767 
209 
-1 
308 
78 
176 
208 
344 
262 
276 
189 
203 
366 
68 
285 
40 
170 
519 
233 
213 
194 
783 
144 
-1 
477 
-1 
87 
441 
329 
-1 
331 
-1 
572 
289 
281 
287 
-1 
258 
225 
257 
272 
153 
517 
199 
-1 
88 
111 
-1 
-1 
185 
544 
310 
286 
234 
273 
-1 
297 
-1 
435 
321 
317 
-1 
-1 
293 
326 
270 
697 
277 
265 
335 
236 
315 
-1 
33 
90 
355 
535 
358 
359 
117 
360 
70 
22 
-1 
184 
347 
175 
73 
103 
1 
361 
503 
-1 
775 
-1 
132 
378 
-1 
101 
501 
95 
14 
388 
538 
152 
444 
391 
29 
419 
432 
420 
211 
75 
198 
81 
62 
67 
398 
616 
-1 
180 
405 
44 
323 
-1 
455 
268 
214 
106 
264 
463 
197 
140 
510 
263 
205 
502 
486 
777 
-1 
529 
136 
-1 
550 
641 
570 
516 
547 
617 
760 
-1 
46 
-1 
330 
776 
-1 
-1 
636 
575 
218 
-1 
525 
579 
506 
425 
475 
556 
-1 
255 
292 
244 
229 
-1 
591 
314 
396 
-1 
464 
692 
687 
784 
336 
605 
597 
288 
-1 
-1 
-1 
188 
328 
28 
672 
-1 
-1 
614 
-1 
333 
45 
-1 
500 
-1 
-1 
305 
-1 
23 
17 
757 
58 
379 
19 
424 
521 
559 
768 
240 
125 
306 
155 
670 
786 
369 
523 
173 
217 
223 
590 
771 
782 
