783
  -1    1     -6.393      6.342    -72.575
  -1    0     -4.550      3.184    -71.443
  -1  794     -0.206      5.251    -69.419
  -1   10     -1.319      6.603    -70.262
  -1    3     -1.642     -7.509    -73.570
  -1   -2     -8.881      1.624    -72.833
  -1   40      3.237      8.513    -73.155
  -1   18     -4.170     10.512    -71.801
  -1  245     -1.758      9.496    -73.704
  -1  406      5.547     -9.465    -74.952
  -1    6     -0.802      9.474    -71.106
  -1   -2     -7.102     -1.200    -74.040
 376  213     -6.253      0.350    -69.966
  -1   11      2.270     -2.954    -71.351
  -1   66      4.470      4.177    -71.991
  -1  400     -0.337     -6.486    -71.395
  -1   50     -5.885     -5.967    -70.979
  -1   23    -10.800     -3.054    -75.585
  -1    9      0.456      2.353    -68.578
  56   55     -8.243     10.900    -72.523
  -1   57     -4.918      5.284    -71.017
  -1   33     -2.346      7.240    -70.888
  -1  410     -3.151     -1.945    -71.832
  -1   19     -6.693      9.842    -70.790
  -1   45      5.328      1.577    -67.638
  -1   24      1.209      3.628    -67.822
  -1    2     10.082      2.818    -70.958
  -1   29    -12.100      5.305    -73.647
  -1   -2     -9.835      4.806    -71.670
  -1   -2     -6.011      5.268    -64.339
  -1   49      1.626      1.857    -68.614
 502  165      9.719     -2.320    -74.087
  -1   -2     -9.433     -2.333    -75.016
  -1  434     -2.086      8.688    -70.975
  79  122     10.870      4.634    -70.545
  -1   70     -1.893     -3.334    -73.881
  -1   26      7.303      7.826    -67.512
  -1   34      0.427     -0.167    -66.375
  -1   47      4.716     -7.038    -70.839
  -1  128      1.135      0.037    -65.879
 141    7      4.337      1.386    -71.802
  -1   -2    -11.609      0.661    -72.090
  -1   54      8.005      1.101    -67.653
  -1   -2     -7.397     -7.668    -67.263
  -1  234     14.155      2.052    -72.884
  -1   65     -7.484     -4.962    -70.401
  -1  106      4.041      6.663    -67.345
  -1  232      6.980      0.246    -67.125
  -1   37     13.602      0.399    -69.420
  -1   14     -0.988     10.561    -68.787
  88  201     -7.963      4.602    -66.841
  -1  181      6.898     -6.034    -68.192
  -1   43     -3.011     -9.331    -69.371
  -1   62     -1.452     10.491    -66.994
  -1   30     -6.602     -7.624    -68.027
  -1   63     -1.771    -11.910    -74.410
  -1   74     -3.818      5.927    -68.162
  -1   85    -13.247     10.267    -73.716
 439  129    -11.851     -4.496    -74.390
  -1    8     12.163      1.202    -71.470
  -1  404      3.196      8.816    -67.516
  -1   -2      0.908    -11.341    -77.238
  -1   90     17.288      2.311    -70.717
  28   96     -1.024      4.319    -68.257
  -1  166     -7.373     -5.169    -71.647
  -1    4      2.268     -6.716    -70.766
  -1   67     -3.304      1.274    -68.054
  -1   83      1.900      1.264    -67.636
  50   71      0.156      9.597    -64.028
  -1   51     -7.995    -12.358    -69.371
  -1   -2    -10.029      3.555    -69.398
  -1  144      2.413      6.105    -68.153
  -1   69    -11.019     -4.616    -69.813
  -1   -2     -3.515      3.318    -52.334
  -1  271     -1.039      6.848    -61.723
  -1   -2     -7.570     10.379    -72.742
 393   77      2.733      0.163    -76.825
  -1  151     -5.448      3.932    -62.641
  -1  414     -3.451     -3.068    -70.983
  -1   79     -5.388     -5.727    -70.409
 398  177      9.310      1.461    -65.522
  70   48    -11.433     -3.717    -67.904
  -1  121    -10.368     -6.126    -69.579
  -1   58     -5.412      2.058    -66.062
  -1   59      3.825      5.143    -66.461
 381   76     -9.205     -8.341    -70.294
  -1  199      0.089     -0.192    -63.837
  -1   89     -9.419     -7.448    -70.558
  -1  525     -9.989      1.031    -67.807
  -1   36     -1.257     -0.794    -69.454
  -1   73      4.088     -2.404    -62.151
  -1  124     -9.631     -6.895    -67.531
  -1  132    -11.273     -9.206    -69.696
  -1   94     -7.555      5.108    -63.859
 129  451      2.593     13.048    -65.062
  -1   35      5.716     11.814    -69.500
  -1   42     -7.465     -3.581    -66.156
  -1  417     -1.068      2.047    -69.930
  -1  100     -4.031      6.515    -71.568
  -1  196      5.247      3.320    -65.949
 488  338     11.206     -5.815    -67.971
 385   13     -6.391      4.447    -67.610
  -1   46      4.435      1.878    -66.054
  -1   87     -7.146      6.013    -61.666
  -1   53    -11.490      7.083    -70.997
  -1  113    -10.128    -10.221    -66.732
  -1   27     -2.399      1.585    -67.880
  -1   -2     -9.294      3.330    -66.211
  -1   -2     -2.787     -9.242    -61.935
  -1  134     -6.760     -6.527    -70.028
  -1   17      2.666      3.543    -69.090
  -1   -2     -7.643    -10.875    -66.634
  -1  194     12.332     -5.353    -69.766
  -1   15     -4.472      6.046    -71.192
  -1   -2     -2.304     -1.450    -67.073
  -1  110      5.165     -7.505    -63.422
  -1  248    -13.099     -2.515    -70.903
  -1  311      3.916      7.864    -72.895
  -1   -2     -5.955    -10.494    -67.202
  -1   -2     -7.983      1.380    -61.468
  -1  136     14.452      8.476    -71.040
  -1  101     -1.977    -12.845    -64.948
  -1  171     13.811     -5.784    -71.477
  -1   28     -8.963      8.643    -72.906
  -1   -2      1.196    -10.135    -65.458
  -1   60     -2.237     -8.630    -68.463
  -1  256      5.063      9.006    -70.280
  -1   -2     -4.452     -7.022    -70.943
  -1  109     -4.051     11.934    -63.299
  -1   25      3.271     -1.616    -70.482
  -1  153    -10.391     -2.710    -68.065
  -1   -2      1.797    -11.667    -76.028
 409  112      6.981     -5.391    -69.354
  -1   21      5.211     -5.470    -71.348
  -1  108      1.429    -11.058    -69.172
  -1  432    -10.100     -8.780    -67.164
  -1   -2    -11.817     -4.908    -69.791
 135  175    -10.062      6.669    -62.453
  -1  241      4.388      1.688    -74.773
 447  246     -7.406     -9.114    -67.440
  -1  146      7.421      9.781    -70.307
 121  102     -1.510      2.374    -65.682
  -1   -2     11.774     -5.138    -69.403
  -1  308     -6.699     11.660    -73.253
 164  398      3.496      3.849    -70.388
  -1  137    -11.392      4.270    -67.936
  -1  127      1.968      2.687    -60.736
  -1  211      8.901     -3.763    -67.120
  -1   75     11.572     -2.631    -67.877
  -1   32     14.162      4.279    -72.391
  -1   -2      9.284      4.126    -62.299
  -1   20     -6.401     -9.271    -71.037
  -1   -2    -14.177      4.816    -69.387
  -1   -2      7.690     -6.335    -73.595
  -1  251     11.268     -6.669    -69.324
 421  115     12.460     10.671    -68.410
  -1  193     10.875     -6.271    -68.875
  -1  446    -10.717      2.310    -68.471
  -1   -2      9.238      9.513    -65.154
  -1  491    -15.342      1.588    -75.998
  -1  412      4.195      0.871    -66.915
  -1  259      2.481     -5.617    -68.002
  -1  458      2.498      6.142    -62.965
  -1  287      2.268      8.162    -76.078
  -1   -2     -3.250     -5.443    -63.397
  -1  227    -13.773     12.147    -67.685
  -1  228      0.680     -8.169    -71.865
  -1   -2     13.241      4.144    -63.689
  -1   -2     -3.427     -4.330    -65.212
  -1  237      2.028     -3.806    -64.431
  -1   -2     10.128      1.177    -64.081
  -1  118     -9.709      9.049    -63.255
  -1  157    -11.859      9.802    -65.071
  -1  139     -6.952     -4.154    -66.298
  -1  222      8.164      3.821    -74.599
 541  304     15.005      8.261    -67.232
  -1   -2      9.903     10.522    -67.606
  -1  103     -2.415     11.810    -62.644
  -1   44      4.464     10.349    -72.391
  -1   22      9.705      7.932    -71.932
  -1   -2    -11.091     -0.887    -67.399
  -1  162    -12.586     10.111    -65.776
  -1  247     12.995      7.824    -69.658
  -1  231    -11.497     -6.674    -67.813
  -1  646    -10.778      9.362    -75.755
  -1   -2     11.980      7.228    -71.978
  -1  169    -10.247      0.346    -62.553
  -1  581     -1.567     -6.225    -63.406
 223  275     -0.966      8.027    -62.056
  -1  243      9.312    -11.574    -70.149
  -1  188     -8.858     -0.741    -64.716
  -1  689      2.062     -4.253    -73.786
  -1  195     -1.528    -12.721    -69.957
  -1  161    -12.111      2.818    -68.873
  -1  450      1.207     -6.154    -67.746
  -1   -2     -7.152     -2.388    -70.752
  -1  289     11.799     -7.192    -70.710
  -1   -2     -3.468     -4.330    -76.889
 193  795     14.277      4.107    -69.731
 194   -2      7.588      1.715    -66.430
  -1   -2     -7.431      2.381    -67.434
  -1  462    -11.305      3.907    -63.076
  -1  147      2.572      7.362    -65.884
  -1  186      6.532      3.241    -62.548
  -1   -2      5.162     -9.922    -57.994
  -1   -2    -13.397     11.264    -67.660
  -1   -2     -0.348      4.820    -59.898
  -1   -2      7.062    -12.172    -73.160
  -1  533     14.459     -6.935    -72.713
  -1   -2      4.428     -3.018    -67.371
 887  517     -0.554     -4.703    -62.780
  -1  270      1.057     11.607    -76.552
  -1  548    -10.003     -0.993    -68.053
  -1   -2     -1.004     -9.681    -63.921
  -1   38      8.484      9.142    -68.736
  -1  179     -3.120     10.808    -70.414
  -1  216      4.075     -1.913    -64.241
 832  164      1.366    -12.245    -69.087
  -1   -2      3.538     -8.625    -69.057
  -1   -2     17.729      9.531    -71.520
  -1   -2      5.212     -3.705    -60.654
  -1  105     12.938     -2.060    -69.300
  -1   -2     11.127     -4.200    -69.263
  -1   -2      0.078      1.606    -73.767
  -1   -2      3.944     11.553    -74.236
 703  364     -2.657      9.583    -69.919
  -1  488     -9.444      2.938    -63.242
  -1  255     15.109      1.620    -69.825
  -1   -2    -14.790      4.841    -71.761
  -1  168     -8.068      6.402    -65.169
  -1   -2    -13.485      8.583    -71.121
  -1  205      7.422    -12.336    -67.084
 523   98     -4.944    -10.947    -70.165
  -1  299     -4.546      2.322    -61.320
 463  163    -13.228     -7.821    -66.790
  -1   -2      0.332      6.863    -62.780
  -1  312      4.406      6.444    -63.378
  -1  172      2.948     -8.169    -72.420
  -1  233     13.250     -8.586    -67.845
 199   93      8.385     10.888    -68.302
  -1  217    -13.919     -9.922    -67.707
  -1  152     -9.369      6.836    -68.427
  -1  329     10.301     11.280    -66.132
  -1  268     -6.987    -11.590    -69.780
  -1   64     -9.236     -3.015    -72.884
  -1  189      2.845     12.178    -65.458
  -1   -2      4.717     -2.393    -63.457
  -1  315    -12.827    -11.006    -69.681
  -1   -2      7.394     -2.511    -73.765
  -1  212      2.358      1.588    -73.186
  -1  300      7.713     -1.657    -63.229
  -1  474      9.813      4.843    -67.996
  -1   -2     -9.326     -4.195    -64.037
  -1  284      7.984     12.039    -67.262
 383  192     -8.889     -7.866    -72.148
 325  266     -4.486     -2.866    -68.735
  -1   -2     -0.718     -4.350    -63.389
  -1  606     -7.708     -1.815    -62.705
  -1  200    -13.179      6.052    -68.601
  -1   -2     -2.487     -0.694    -58.804
  -1  258     11.931     -6.613    -66.719
  -1   -2     -4.732      1.660    -60.096
  -1  197      3.648      5.242    -65.175
  -1  324    -14.146     -0.755    -67.225
  -1  314     12.548     11.622    -66.358
  -1   -2     -6.665     -5.897    -66.954
  -1  223      6.542     -6.859    -64.227
  -1  202     -3.101      8.912    -72.429
 649  218     -1.160    -11.394    -74.245
  -1  191     -6.233     -2.189    -69.672
  -1  591    -10.510     -5.663    -68.724
  -1  260     12.557     -1.703    -66.971
  -1   -2     -6.595     -3.643    -76.178
  -1  272     -8.390     -1.677    -65.001
  -1   -2     -6.882     -8.242    -72.499
  -1   91      5.986      9.706    -71.358
  -1   -2    -14.834     -4.795    -74.958
  -1  320     11.657      8.249    -67.166
  -1   -2    -10.893      1.244    -61.016
  -1  292      8.032     -1.837    -69.107
  -1   -2      3.394    -11.074    -63.214
  -1   -2     -6.874     10.033    -58.351
  -1   -2    -11.238     -8.674    -71.077
 526  242     -6.081      9.413    -65.546
  -1  615    -11.284     -1.218    -71.243
  -1  507      9.738      5.703    -73.925
  -1   -2      4.922      8.964    -61.099
  -1   -2     -4.744     -1.998    -65.936
  -1   -2     -6.786     -5.036    -65.998
  -1   -2      4.073    -11.925    -72.088
  -1  143     12.618     -4.662    -71.519
 517  145    -11.975      0.801    -75.794
  -1  475     10.345      5.190    -67.342
  -1   -2      5.156      8.493    -60.257
  -1   -2     13.279      9.557    -63.953
 485  768     13.013     -0.172    -69.697
  -1   -2     -2.257     -5.883    -76.388
 481  265    -11.202      9.262    -71.264
  -1   -2     -6.829      2.469    -65.209
  -1   -2     11.504     -2.538    -69.129
  -1  502     15.388      1.261    -71.648
  -1  142      9.475     -5.020    -71.664
  -1  366     12.432      6.362    -65.961
  -1  141      4.099    -11.415    -73.264
  -1   -2     -3.643     -7.057    -76.171
  -1   -2    -15.085     -8.570    -70.041
  -1   -2     11.081     -4.806    -65.747
  -1   -2     -5.620      4.965    -77.642
  -1  583     14.815      1.552    -63.650
 632  358      0.417      3.299    -60.571
  -1  552     -4.629     12.022    -68.741
 452  597      4.585      3.596    -75.572
  -1  294     13.640      5.395    -67.798
  -1   -2    -10.045      8.788    -76.042
  -1   -2      5.889     12.308    -69.415
  -1   -2      7.390     -7.163    -69.230
  -1   -2     11.398     12.785    -69.949
 677  321     -9.082     -2.794    -69.601
 559  335      9.793     -2.330    -62.217
  -1  337     16.509     -8.876    -69.140
  -1  361     -1.657      4.205    -65.418
  -1   -2     16.084     -4.854    -68.560
  -1   -2     -3.427     -4.234    -73.689
 599  343      9.722    -10.590    -72.517
  -1   -2     12.475     12.479    -63.439
  -1  605      6.595      9.699    -71.388
  -1   -2      9.309      9.499    -73.050
  -1  445     -7.418     -6.832    -73.970
  -1  466      9.172     -8.968    -69.751
 896   -2    -15.350     -5.976    -71.273
  -1  344      9.402    -10.725    -66.992
  -1  705     14.112      1.616    -71.682
  -1  675      8.991     -5.593    -71.830
  -1   -2      6.301     -4.879    -61.243
  -1   -2      1.446    -12.786    -71.547
  -1   -2    -10.492     10.218    -68.865
  -1  381      8.517     -5.484    -64.128
  -1  349      7.213     -5.307    -62.624
  -1   -2     -5.488    -11.062    -59.861
 778  359     -9.927      9.895    -72.249
 787  746      5.115     -1.330    -70.220
  -1  386     -8.183      1.366    -66.200
  -1  628     16.027      5.593    -68.130
  -1   -2     -7.214     11.729    -73.608
  -1  622     -6.473      8.486    -77.289
 673  391     15.172     -3.872    -66.271
 329  334     -1.189      8.216    -72.462
  -1  351      9.181    -10.851    -65.513
  -1   -2    -16.025      3.067    -71.837
  -1   -2     12.228      6.265    -77.939
 708  365     -4.977     -8.680    -64.647
  -1  747     -4.223      1.195    -68.548
  -1   -2     12.958     -4.486    -74.421
  -1   -2     15.482      6.384    -66.260
  -1   -2    -11.230     11.614    -67.318
  -1  319      0.886      6.422    -74.804
  -1  371     -0.192     12.108    -68.848
 781  341     -2.991      8.694    -68.015
  -1   -2      9.097     -8.616    -61.719
  -1   -2     -7.497     -1.014    -63.220
 553  798      0.210    -12.114    -76.499
 768  238     -3.843      6.257    -61.046
  -1   -2     13.078     -9.108    -73.845
  -1   -2     10.864     -5.516    -76.453
  -1   -2      2.762    -11.187    -61.568
  -1  352     15.730     -0.745    -71.755
  -1  390      9.554     -9.934    -72.646
  -1  383     13.577     -2.999    -73.522
 730  382     12.996      8.232    -66.276
  -1   -2     -2.583     -7.246    -52.382
  -1   -2      4.106      5.265    -71.858
  -1  435      0.578      3.462    -70.514
  -1  631     -2.667     -2.902    -65.665
  -1   -2     -6.640     -9.599    -69.637
  -1   -2      1.786     -3.866    -76.267
  -1   -2      4.813     -3.490    -67.388
  -1   -2     13.584     -6.758    -64.920
  -1   -2     10.645     11.029    -65.151
  -1   -2    -12.217     -1.987    -67.767
  -1  156     -3.386     -6.444    -72.905
  -1  155      0.967    -11.631    -69.575
  -1   -2     -6.617      5.962    -75.030
  -1   -2     -9.235     -3.844    -61.766
 805  419     -1.182      2.933    -75.134
  48   -2     -5.053     -3.056    -71.814
  -1  796     -5.088     -2.148    -72.377
  -1   92      8.714      0.928    -69.661
 806  416     -5.192      6.220    -64.923
  -1  530    -12.997      7.903    -64.706
  -1   41      5.005      9.331    -67.083
  -1   -2      4.526     -8.630    -61.855
  -1   -2     -4.322      3.981    -59.481
  -1   -2      0.900     -2.368    -71.249
  -1   -2     -4.159     -2.124    -74.624
  -1   -2     -2.685    -11.082    -77.227
  -1   -2      8.470    -12.386    -76.918
  -1   39      5.590     -4.154    -67.753
  -1   -2     -2.811     12.966    -63.549
  -1   -2      7.230     12.463    -68.097
  -1  159     10.923      7.519    -69.342
  -1  418      8.972      8.870    -61.411
  -1   -2      7.851      6.981    -75.067
  -1   16     -8.738     -4.332    -69.723
  -1   -2     -9.399     -6.716    -62.110
  -1   -2     -3.607     -0.750    -61.110
  -1   -2      1.216      9.368    -67.182
  -1   -2     -4.918     -8.130    -73.575
  -1   -2    -13.711     -6.655    -74.002
  -1   -2     -9.279    -11.945    -67.000
  -1  154      2.369     11.717    -69.257
  -1  453     -9.334     -9.454    -65.491
  -1   -2      0.521     -5.954    -76.492
  -1  465     -6.621      4.387    -64.633
  -1   -2    -10.551      5.712    -67.326
  -1  120     -3.733     -4.085    -71.101
  -1   -2     13.194      9.552    -74.400
  -1  250     -5.497     -3.339    -76.075
  -1   -2     11.919     13.055    -68.570
  -1  559     11.717     -4.218    -56.355
  -1   -2    -12.962    -12.372    -67.407
  -1   -2    -16.097     -5.461    -73.838
  -1   -2    -12.904    -11.602    -68.964
  -1   80     -8.585     -9.799    -71.416
  -1  431      3.199    -11.484    -68.913
 275  229      9.574     11.388    -69.265
  -1  521     12.222     -2.939    -64.549
  -1   -2     -9.781     -2.259    -60.850
  -1   -2      7.812     -3.318    -73.357
  -1  403    -11.231     -9.990    -65.132
  -1   -2     15.467     -2.631    -74.721
  -1  425     -3.083     -0.055    -60.464
  -1  203     14.889    -11.120    -68.689
  -1  503     15.019     -0.748    -64.248
  -1   -2     14.292     13.002    -69.843
  -1   -2      8.505     -7.170    -72.551
  -1  483     12.202     -1.259    -73.130
  -1   -2    -11.312      7.475    -61.487
  -1  437     -5.003     -1.565    -71.134
  -1  198     10.560     -8.477    -66.539
  -1   -2     -6.171     -0.656    -54.091
  -1  207     -9.125    -10.709    -65.912
  -1  178    -12.746     -1.874    -72.544
  -1   -2      5.299     -6.115    -63.446
  -1  482     -2.101     10.274    -69.687
  -1   -2    -11.058    -12.637    -70.375
 808  449     -7.700     -0.352    -64.993
  -1  148     -6.998      8.856    -74.770
  -1  187      6.423     -4.344    -72.973
  -1   -2     -3.804    -10.915    -67.167
  -1   -2     -8.135     11.459    -70.204
  -1   -2     -9.994     -8.282    -85.140
  -1   -2     -5.086      3.520    -61.843
  -1  443     -0.825    -10.918    -62.953
  -1   -2     -8.000     -8.317    -63.676
  -1  455    -15.545      7.276    -75.279
  -1  472      4.482    -10.505    -62.277
  -1  459     10.971     11.901    -67.973
  -1   -2     -1.953     -0.806    -65.987
  -1   -2     -4.306     -9.750    -61.810
 867  504     11.305    -11.474    -71.711
  -1  298      5.431     -2.528    -72.330
  -1  657      0.686     -6.668    -76.754
  -1  176     15.203     -6.181    -66.336
  -1  430     -3.811     -2.590    -64.857
  -1  182      9.242     -6.407    -63.729
  -1  239      9.172    -11.463    -65.011
  -1   -2     -9.523      8.244    -76.844
  -1   -2     -9.930     -1.030    -62.057
  -1   -2     -1.131     -8.747    -60.964
  -1   -2      5.523     12.424    -64.396
  -1  427      9.984      0.157    -69.487
  -1  123    -13.161     12.179    -73.198
  -1   -2     -3.177    -10.514    -75.361
  -1   -2     -2.411     -9.061    -63.062
  -1  220     -7.204      1.945    -75.515
  -1   -2    -11.949     -9.088    -65.398
  -1   -2      3.461     11.995    -59.516
  -1  355     16.016     -0.777    -71.747
  -1   -2     -6.371      1.465    -60.492
 396  409      5.306     -2.095    -75.860
  -1  501     -8.810    -11.905    -62.833
  -1   -2     15.785      8.660    -69.930
  -1   -2    -11.967     -8.703    -69.405
  -1  518    -16.035     -9.682    -70.166
  35  401      4.367      5.253    -69.333
  -1   -2      7.209      8.897    -67.132
  -1   -2      5.653      2.024    -72.167
  -1  485      5.582      6.345    -58.704
  -1   -2      9.105     -3.570    -62.469
  -1  433      5.571     -9.916    -63.746
  -1  285     -7.709     -2.317    -68.586
  -1  140    -11.122      6.549    -62.553
  -1  295     -5.628      0.149    -72.191
  -1   -2    -11.804      9.630    -67.918
  -1   -2      2.830    -10.474    -62.951
  -1  669     -6.991      1.409    -63.857
  -1   -2     -3.040     -9.844    -56.235
  -1  353     13.990      1.235    -67.957
  -1   -2     -5.077     -6.597    -62.482
  -1   -2      5.950     -3.442    -62.413
  -1   -2    -11.859    -11.850    -68.186
  -1  362      5.476    -11.706    -68.772
  -1   -2     12.609     -3.825    -62.969
  -1   -2     15.775    -10.434    -65.695
  -1  219    -10.165     -0.284    -64.072
  -1   -2     -5.561     -9.412    -76.806
 811  225      5.586      8.799    -73.931
  -1  130      9.719      8.229    -66.199
  -1   -2     10.584     -8.933    -72.519
  -1  309      1.464      6.953    -75.596
  -1   -2     -6.547      5.987    -65.643
  -1   -2     11.540     -7.587    -85.113
  -1   -2    -15.781     -7.587    -74.405
  -1   -2     10.426     12.837    -66.648
  -1   -2     -1.196      4.451    -60.734
  -1  546      3.121     -5.275    -71.263
 813  527      3.254    -12.913    -65.360
  -1   -2     -9.918      3.108    -74.842
  -1   -2     -5.386      9.642    -57.938
  -1  529    -10.170     -4.207    -62.526
  -1   -2      9.584     -5.320    -61.216
  -1  594      2.132     -4.054    -71.078
  -1   -2     10.939     -7.875    -68.076
 858   -2    -13.312      1.731    -69.920
  -1   -2     -2.007      1.686    -58.784
 824  716     -0.404      2.621    -59.578
  -1  593     14.079     -1.029    -62.874
  -1   -2     12.451     -7.463    -67.101
  -1   -2      0.799     -1.630    -60.376
  -1   12      1.253      6.003    -72.392
  -1  135     16.928      0.010    -67.849
  -1   -2     -2.404      9.129    -61.347
  -1   -2     -2.965     11.651    -61.301
  -1  440    -14.180      3.216    -76.737
  -1   -2     11.923     -1.580    -72.909
  -1   -2     -6.893     -5.783    -67.194
  -1   -2     -5.875      3.810    -73.579
  -1   -2    -13.877    -12.600    -70.083
  -1   -2     12.730     12.711    -64.588
  -1  547     18.517     -7.736    -68.095
  -1   -2     13.945     -9.765    -64.129
  -1  208      7.221     -4.053    -69.573
  -1  424     14.636      0.097    -71.496
  -1  616     17.287     -1.564    -74.457
  -1   -2     11.039     10.487    -59.370
  -1   -2     -0.502     -6.566    -63.561
  -1   -2     -2.168     12.428    -66.698
  -1   -2    -11.198     -7.686    -56.741
  -1   -2     -9.644     -0.542    -59.171
  -1  721     -3.755      0.182    -71.474
  -1   -2     -2.229     -6.807    -62.497
  -1   -2     -1.630     -2.693    -69.516
  -1   -2      7.491     10.434    -58.366
  -1   -2      9.633     -8.158    -59.938
  -1   -2     -3.101     11.369    -77.007
  -1   -2     -4.779      5.749    -61.676
  -1  276     15.048     -4.195    -74.312
  -1  273     14.792     -8.934    -70.100
  -1  707    -14.878      7.349    -76.712
  -1   -2    -11.967      4.261    -70.931
  -1   -2     -5.922      4.765    -61.925
  -1   -2    -12.395     10.885    -64.635
  -1   -2      6.009      4.619    -76.894
  -1   -2     -3.806     -6.944    -61.877
  -1  116      0.610     -7.242    -71.122
  -1   -2     -7.203      2.157    -64.018
  -1   -2      1.611      5.134    -67.799
  -1   -2     -8.394     -2.819    -60.291
  -1   -2     -5.189      6.969    -69.367
  -1   -2      5.099      9.334    -64.194
  -1  379     -8.864     -3.623    -73.593
  -1  167      0.635     -9.421    -66.515
  -1   -2      6.477    -11.127    -60.272
  -1  560     11.422     -6.380    -62.768
  -1   -2     -7.671      1.590    -62.591
 820  541     -7.786     -2.411    -72.634
  -1   -2     -5.154     -1.230    -55.928
  -1   -2     -3.108    -11.046    -61.338
  -1  411      8.765      7.482    -71.041
  -1   -2     -4.812     -3.294    -61.932
  -1  612     17.123      2.998    -72.394
  -1  104      6.194    -12.048    -66.756
  -1   -2     -7.113     -7.507    -57.373
  -1   -2     12.591    -10.600    -64.654
  -1   -2     10.930      5.104    -58.550
  -1   -2      7.687      9.015    -69.464
  -1   88      0.619    -12.640    -73.005
 899   -2     16.165      8.210    -73.225
  -1   -2     16.979     11.927    -65.669
  -1   -2     10.947     -5.922    -83.106
  -1   -2    -11.859      5.534    -63.926
  -1   -2      3.737     -5.512    -56.544
  -1   -2     11.245     11.666    -68.156
  -1  325     -0.539      9.519    -68.778
  -1   -2     -6.242      3.334    -61.730
  -1   -2      7.392     -7.808    -81.331
  -1  457     -4.914     -9.078    -77.189
  -1  377     -5.220     -4.127    -64.111
  -1   -2     -6.322      6.627    -57.131
  -1  354      7.795     12.253    -64.415
  -1   -2     -5.350      0.855    -66.012
  -1   -2     17.729     -6.232    -72.645
  -1   -2      2.708      7.592    -59.757
 822  509      5.326     12.239    -74.506
  -1   -2      7.509    -12.840    -66.231
  -1  735     16.999      7.473    -71.503
  -1   -2      0.737      9.756    -53.363
  -1  336     -6.990      4.780    -72.868
  -1   -2      7.460    -10.780    -68.924
  -1   -2      4.421      4.000    -58.569
  -1   -2     -2.149      4.874    -59.210
  -1   -2     10.807     -4.982    -62.918
  -1   -2      1.011      2.436    -59.086
  -1   -2    -10.731      7.747    -75.456
  -1   -2     -3.640     -0.461    -56.556
  -1   -2      8.954      6.743    -65.165
  -1   -2      8.068    -12.534    -69.656
  -1  561    -10.199      0.672    -76.826
  -1   -2     12.471    -11.167    -64.193
  -1   -2    -11.451     -5.708    -66.559
  -1  643     12.098      0.489    -62.754
  -1   -2      8.738     -8.727    -71.133
  -1   -2     -6.819     -0.060    -59.493
  -1   -2     -6.560     -2.141    -67.487
  -1   -2     -3.010     -0.548    -78.264
  -1  340     -5.228     -5.858    -64.599
  -1   -2    -12.679      7.953    -64.012
  -1   -2      7.976      9.500    -52.358
  -1   -2      6.286    -13.018    -71.490
  -1   -2     -9.822     -9.720    -59.041
  -1   -2     -5.299     -1.367    -64.179
  -1  613    -12.404     -7.322    -71.078
  -1   -2      2.569      9.310    -62.807
  -1   -2     17.354    -10.031    -66.513
  -1   -2     16.215    -12.406    -82.688
  -1   -2      2.635     10.493    -73.607
  -1   -2      9.064      0.251    -73.679
  -1   -2     -5.066     -2.696    -75.495
  -1  584     14.342     10.457    -67.138
  -1   -2      9.101      4.044    -60.782
  -1   -2      7.390     11.418    -66.597
  -1   -2      8.949     -9.895    -64.360
  -1  512     16.494     -8.306    -71.264
  -1   -2      2.613      2.733    -67.478
  -1   -2     16.599      1.264    -68.819
  -1   -2     -7.686     -6.598    -52.928
  -1   -2    -11.212     -8.329    -65.991
  -1   -2      4.373      0.396    -66.997
  -1   -2      5.409      5.510    -53.459
  -1   -2      5.765     -8.423    -64.680
  -1   -2      0.963     10.038    -68.312
  -1   -2    -10.985     -5.586    -71.302
  -1  345      9.035    -12.795    -74.757
  -1   -2      7.224      9.533    -68.582
  -1   -2      0.649     11.723    -72.691
  -1   -2    -14.009     -1.132    -69.441
  -1   -2     -5.370     11.576    -63.217
  -1   -2     -3.613     11.327    -78.805
  -1   -2     -2.520      1.045    -70.963
  -1   -2     -9.896     -7.707    -61.115
  -1   -2      2.430    -13.136    -67.471
  -1   -2     -0.318     -8.140    -55.169
  -1   -2     11.756    -10.572    -72.408
  -1   -2     17.016    -11.793    -67.262
  -1   -2     10.338      9.405    -56.639
  -1   -2      6.686     -2.072    -61.479
 821  588     -3.888      1.311    -59.162
  -1  662     12.466     10.268    -63.162
  -1  473      9.871      2.391    -69.206
  -1   -2     -8.236     12.316    -62.344
  -1   -2     16.349      1.973    -69.457
  -1   -2      6.066     12.292    -63.436
  -1   -2     -8.771      6.977    -52.854
  -1   -2     -5.857     10.340    -83.103
  -1   -2     -4.041     -3.800    -55.651
  -1   -2     10.865     -9.817    -66.176
  -1  326     -3.155      4.328    -71.534
  -1  554     10.828    -11.560    -65.164
  -1   -2    -10.541     -9.903    -63.830
  -1   -2     -5.349     -7.352    -54.794
  -1   -2     -4.402     -3.741    -66.722
  -1   -2     -1.935     -9.432    -72.245
  -1  752     12.315     -0.205    -73.857
  -1   -2      1.564      8.928    -54.856
  -1   -2      5.746      2.207    -63.204
  -1  667     15.325     -7.001    -76.311
  -1   -2    -15.320      3.118    -75.418
  -1   -2     -4.630      8.004    -70.006
  -1   -2     -7.961     -9.384    -57.093
  -1   -2     -3.802     10.095    -58.465
  -1   -2     -6.359      2.307    -64.980
  -1  543      0.906      7.159    -71.887
  -1   -2      2.664     -7.518    -57.431
  -1   -2     -8.309     -2.389    -57.560
  -1   -2      2.232      8.380    -64.915
  -1   -2     -1.184      4.877    -52.616
  -1   -2      3.440     -5.313    -81.776
  -1  389      0.519      5.146    -64.239
  -1  286      1.305      4.704    -57.007
  -1   -2      9.271     11.474    -78.174
  -1   -2     -3.365    -11.128    -59.706
  -1   -2      1.241      8.770    -73.526
  -1   -2      9.713      9.627    -66.886
  -1  664     12.091    -13.349    -69.167
  -1   -2     15.352     -4.226    -60.131
  -1   -2    -14.040      9.438    -78.024
  -1  117      5.763     -9.840    -74.429
  -1   -2     16.462     -3.294    -73.185
  -1   -2     11.051      4.870    -65.104
  -1   -2     -5.490     -4.871    -73.486
  -1   -2     15.755     -3.619    -76.076
  -1  728     12.477     -9.883    -63.032
 592  799      3.266     -9.889    -71.893
  -1   -2     11.836      2.422    -60.787
  -1  253      6.981     -2.571    -68.921
  -1   -2      5.720      4.855    -62.959
  -1   -2     -6.018      2.219    -57.191
  -1   -2     -5.227      9.114    -58.734
  -1   -2    -13.103      7.408    -72.129
  -1   -2     17.219     12.495    -67.203
  -1   -2      5.672      2.558    -62.655
  -1   -2    -11.934     -7.836    -83.668
  -1  367     13.411     -8.556    -72.690
  -1   -2     16.941     -4.534    -74.462
  -1   -2     18.598      1.658    -71.746
  -1   -2      7.727     -0.133    -62.339
  -1   -2    -12.035     -6.595    -62.425
  -1   -2      3.259     -5.561    -73.056
  -1   -2     -9.768      1.468    -76.589
  -1   -2     -1.748      9.118    -71.355
  -1   -2      4.336      0.836    -60.388
 886   -2    -12.681     -1.218    -76.241
  -1   -2     10.453      4.343    -60.210
  -1   -2      3.652      7.292    -60.043
  -1   -2      8.749     -6.085    -57.306
  -1   -2      3.597     10.124    -66.596
  -1   -2      4.982     -4.161    -52.599
  -1   -2     -6.192    -11.684    -60.513
  -1   -2     -8.619     -7.251    -55.289
  -1   -2      0.907     -1.300    -65.026
  -1   -2      3.729     -8.172    -57.416
  -1   -2     -1.004    -11.989    -66.375
  -1   -2      8.808      6.881    -63.025
  -1   -2     -9.348      2.573    -63.728
  -1   -2      5.989     -5.767    -55.942
  -1   -2     -8.522     -6.576    -66.016
  -1   -2     10.103     10.203    -70.881
  -1   -2     15.299      9.603    -65.752
  -1   -2     15.220      4.622    -61.681
  -1   -2     17.089     10.142    -65.424
  -1   -2     -9.811      1.504    -63.411
  -1   -2      4.521     10.973    -63.617
  -1   -2    -15.744    -10.422    -75.837
  -1   -2     -4.941     -5.527    -69.934
  -1   -2    -13.575    -10.257    -75.502
  -1   -2     14.324     -6.181    -62.468
  -1   -2     16.212      6.411    -63.995
  -1   -2    -10.966     -2.985    -68.793
  -1   -2      7.515     10.265    -67.912
  -1   -2     18.053     -8.858    -77.057
  -1   -2     10.248      0.632    -63.629
  -1   -2     12.453      3.743    -62.142
  -1   -2      1.705     -2.677    -66.460
  -1   -2     16.654      9.080    -65.638
  -1   -2    -11.774     11.406    -64.812
  -1  718      2.782     11.757    -66.312
  -1   -2     18.045    -10.552    -72.326
  -1   -2     12.186     -1.196    -60.564
  -1   -2     10.282      6.085    -60.010
  -1   -2     16.532      2.320    -71.447
  -1   -2      2.254     -6.058    -67.102
 878   -2    -14.988      5.526    -68.058
 893  387     11.382      1.943    -63.504
 852   -2     -2.790     12.934    -70.804
 814  801    -10.856     -5.052    -64.259
 836  802    -10.333      5.944    -67.180
 829  611    -13.612      3.896    -64.743
 894   -2     -5.808     -4.193    -68.989
 803  572     12.019     -4.852    -73.727
 866  360     10.584      1.707    -65.343
 881   -2     12.034    -12.621    -70.608
 897   -2     -6.450     13.617    -63.491
 898  204    -14.927      9.054    -70.164

 VERTICES 84 168 
1 0 
1 1 
1 2 
1 3 
1 4 
1 5 
1 6 
1 7 
1 8 
1 9 
1 10 
1 11 
1 12 
1 13 
1 14 
1 15 
1 16 
1 17 
1 18 
1 19 
1 20 
1 21 
1 22 
1 23 
1 24 
1 25 
1 26 
1 27 
1 28 
1 29 
1 30 
1 31 
1 32 
1 33 
1 34 
1 35 
1 36 
1 37 
1 38 
1 39 
1 40 
1 41 
1 42 
1 43 
1 44 
1 45 
1 46 
1 47 
1 48 
1 49 
1 50 
1 51 
1 52 
1 53 
1 54 
1 55 
1 56 
1 57 
1 58 
1 59 
1 60 
1 61 
1 62 
1 63 
1 64 
1 65 
1 66 
1 67 
1 68 
1 69 
1 70 
1 71 
1 72 
1 73 
1 74 
1 75 
1 76 
1 77 
1 78 
1 79 
1 80 
1 81 
1 82 
1 83 
POINT_DATA 84 
SCALARS MeanU double 1 
LOOKUP_TABLE default
0.00400 
0.00431 
0.00373 
0.00645 
0.00409 
0.00741 
0.00448 
0.00563 
0.00654 
0.00451 
0.00434 
0.00422 
0.00343 
0.00365 
0.00194 
0.00267 
0.00449 
0.00727 
0.00495 
0.00556 
0.00356 
0.00703 
0.00985 
0.00776 
0.00245 
0.00742 
0.00432 
0.00197 
0.00282 
0.00124 
0.00789 
0.00474 
0.00785 
0.00221 
0.00361 
0.00626 
0.00457 
0.00447 
0.00970 
0.00672 
0.00574 
0.00428 
0.00697 
0.00356 
0.00440 
0.00659 
0.00213 
0.00695 
0.00538 
0.00528 
0.00880 
0.00536 
0.00812 
0.00163 
0.00818 
0.00598 
0.00361 
0.00331 
0.00941 
0.00385 
0.00272 
0.00729 
0.00691 
0.00111 
0.00597 
0.00561 
0.00766 
0.00285 
0.00883 
0.00300 
0.00474 
0.00234 
0.00386 
0.00320 
0.00465 
0.00418 
0.00124 
0.01216 
0.00470 
0.00313 
0.00570 
0.00757 
0.00382 
0.00620 

 VECTORS Umean float 
-0.00038 0.00290 -0.00273 
-0.00390 0.00137 -0.00120 
0.00057 0.00343 -0.00135 
-0.00077 0.00608 -0.00203 
-0.00122 -0.00157 -0.00358 
0.00295 0.00650 0.00198 
-0.00345 0.00252 -0.00132 
0.00163 0.00470 -0.00265 
-0.00057 0.00550 -0.00350 
0.00270 0.00313 -0.00180 
0.00128 0.00413 -0.00043 
-0.00030 0.00165 -0.00388 
-0.00280 0.00158 -0.00120 
-0.00043 -0.00000 -0.00362 
0.00048 0.00045 -0.00183 
-0.00070 -0.00038 -0.00255 
0.00117 0.00405 -0.00155 
-0.00375 0.00100 -0.00615 
-0.00002 0.00430 -0.00245 
-0.00105 0.00025 -0.00545 
0.00070 0.00260 0.00233 
0.00053 0.00138 0.00688 
0.00290 0.00545 0.00768 
-0.00112 0.00595 -0.00485 
0.00060 -0.00070 -0.00228 
0.00163 -0.00185 -0.00700 
0.00003 0.00403 -0.00158 
0.00120 0.00045 -0.00150 
-0.00107 0.00215 -0.00147 
-0.00065 -0.00100 -0.00033 
0.00535 0.00553 0.00175 
-0.00068 0.00140 -0.00448 
0.00038 0.00617 0.00482 
-0.00112 -0.00185 -0.00045 
-0.00050 0.00250 -0.00255 
0.00262 0.00520 -0.00230 
0.00300 0.00108 -0.00328 
-0.00223 0.00255 -0.00292 
0.00270 0.00620 0.00695 
-0.00063 0.00660 0.00112 
-0.00192 0.00105 -0.00530 
0.00223 0.00085 0.00355 
0.00157 0.00553 -0.00395 
0.00222 0.00245 -0.00130 
-0.00100 0.00423 -0.00072 
-0.00190 0.00505 -0.00377 
-0.00085 -0.00105 0.00165 
0.00285 0.00535 -0.00340 
-0.00060 0.00473 -0.00250 
-0.00285 0.00347 -0.00277 
0.00600 0.00623 -0.00163 
-0.00192 0.00172 -0.00470 
-0.00150 0.00727 -0.00328 
0.00103 -0.00120 -0.00040 
0.00045 0.00743 -0.00340 
0.00285 0.00115 -0.00512 
0.00297 -0.00145 0.00145 
-0.00072 0.00245 -0.00210 
0.00185 0.00892 -0.00235 
0.00030 0.00383 0.00035 
0.00018 -0.00177 -0.00205 
0.00357 0.00115 0.00625 
0.00500 0.00413 0.00240 
0.00098 0.00045 0.00027 
-0.00170 0.00572 0.00013 
-0.00125 -0.00145 -0.00527 
0.00085 0.00427 -0.00630 
-0.00177 0.00195 -0.00107 
0.00525 0.00272 -0.00655 
-0.00210 0.00123 -0.00175 
0.00257 0.00215 -0.00335 
-0.00075 -0.00072 -0.00210 
0.00105 0.00365 -0.00068 
-0.00158 0.00270 -0.00068 
-0.00255 -0.00380 0.00085 
0.00165 0.00092 0.00373 
-0.00032 -0.00005 -0.00120 
0.00435 0.01127 -0.00133 
0.00103 0.00380 -0.00257 
0.00092 0.00268 0.00132 
-0.00425 -0.00345 0.00160 
0.00100 0.00743 -0.00105 
0.00260 -0.00275 -0.00055 
-0.00240 -0.00147 0.00553 
SCALARS NextParticleID double 1 
LOOKUP_TABLE default
63 
484 
384 
68 
19 
81 
34 
50 
141 
94 
137 
40 
144 
198 
199 
239 
188 
424 
255 
346 
12 
85 
254 
101 
76 
479 
80 
132 
155 
58 
139 
311 
234 
297 
295 
100 
31 
291 
232 
283 
175 
360 
318 
712 
323 
309 
268 
345 
317 
225 
350 
368 
361 
339 
357 
340 
778 
383 
387 
445 
506 
516 
774 
575 
666 
603 
525 
776 
217 
775 
773 
523 
779 
459 
771 
780 
731 
210 
772 
777 
329 
781 
782 
587 
SCALARS PreviousParticleID double 1 
LOOKUP_TABLE default
-1 
-1 
25 
-1 
-1 
-1 
-1 
-1 
-1 
-1 
-1 
-1 
-1 
-1 
179 
-1 
-1 
-1 
-1 
-1 
-1 
-1 
-1 
-1 
-1 
-1 
-1 
-1 
-1 
-1 
-1 
-1 
-1 
-1 
-1 
-1 
-1 
-1 
-1 
-1 
-1 
-1 
-1 
-1 
-1 
-1 
-1 
-1 
-1 
-1 
-1 
-1 
-1 
-1 
-1 
-1 
-1 
-1 
-1 
-1 
-1 
-1 
-1 
-1 
-1 
-1 
-1 
-1 
-1 
-1 
407 
63 
298 
654 
317 
723 
523 
536 
346 
817 
134 
139 
165 
333 

 VERTICES 84 168 
1 0 
1 1 
1 2 
1 3 
1 4 
1 5 
1 6 
1 7 
1 8 
1 9 
1 10 
1 11 
1 12 
1 13 
1 14 
1 15 
1 16 
1 17 
1 18 
1 19 
1 20 
1 21 
1 22 
1 23 
1 24 
1 25 
1 26 
1 27 
1 28 
1 29 
1 30 
1 31 
1 32 
1 33 
1 34 
1 35 
1 36 
1 37 
1 38 
1 39 
1 40 
1 41 
1 42 
1 43 
1 44 
1 45 
1 46 
1 47 
1 48 
1 49 
1 50 
1 51 
1 52 
1 53 
1 54 
1 55 
1 56 
1 57 
1 58 
1 59 
1 60 
1 61 
1 62 
1 63 
1 64 
1 65 
1 66 
1 67 
1 68 
1 69 
1 70 
1 71 
1 72 
1 73 
1 74 
1 75 
1 76 
1 77 
1 78 
1 79 
1 80 
1 81 
1 82 
1 83 
POINT_DATA 84 
SCALARS MeanU double 1 
LOOKUP_TABLE default
0.00400 
0.00431 
0.00373 
0.00645 
0.00409 
0.00741 
0.00448 
0.00563 
0.00654 
0.00451 
0.00434 
0.00422 
0.00343 
0.00365 
0.00194 
0.00267 
0.00449 
0.00727 
0.00495 
0.00556 
0.00356 
0.00703 
0.00985 
0.00776 
0.00245 
0.00742 
0.00432 
0.00197 
0.00282 
0.00124 
0.00789 
0.00474 
0.00785 
0.00221 
0.00361 
0.00626 
0.00457 
0.00447 
0.00970 
0.00672 
0.00574 
0.00428 
0.00697 
0.00356 
0.00440 
0.00659 
0.00213 
0.00695 
0.00538 
0.00528 
0.00880 
0.00536 
0.00812 
0.00163 
0.00818 
0.00598 
0.00361 
0.00331 
0.00941 
0.00385 
0.00272 
0.00729 
0.00691 
0.00111 
0.00597 
0.00561 
0.00766 
0.00285 
0.00883 
0.00300 
0.00474 
0.00234 
0.00386 
0.00320 
0.00465 
0.00418 
0.00124 
0.01216 
0.00470 
0.00313 
0.00570 
0.00757 
0.00382 
0.00620 

 VECTORS Umean float 
-0.00038 0.00290 -0.00273 
-0.00390 0.00137 -0.00120 
0.00057 0.00343 -0.00135 
-0.00077 0.00608 -0.00203 
-0.00122 -0.00157 -0.00358 
0.00295 0.00650 0.00198 
-0.00345 0.00252 -0.00132 
0.00163 0.00470 -0.00265 
-0.00057 0.00550 -0.00350 
0.00270 0.00313 -0.00180 
0.00128 0.00413 -0.00043 
-0.00030 0.00165 -0.00388 
-0.00280 0.00158 -0.00120 
-0.00043 -0.00000 -0.00362 
0.00048 0.00045 -0.00183 
-0.00070 -0.00038 -0.00255 
0.00117 0.00405 -0.00155 
-0.00375 0.00100 -0.00615 
-0.00002 0.00430 -0.00245 
-0.00105 0.00025 -0.00545 
0.00070 0.00260 0.00233 
0.00053 0.00138 0.00688 
0.00290 0.00545 0.00768 
-0.00112 0.00595 -0.00485 
0.00060 -0.00070 -0.00228 
0.00163 -0.00185 -0.00700 
0.00003 0.00403 -0.00158 
0.00120 0.00045 -0.00150 
-0.00107 0.00215 -0.00147 
-0.00065 -0.00100 -0.00033 
0.00535 0.00553 0.00175 
-0.00068 0.00140 -0.00448 
0.00038 0.00617 0.00482 
-0.00112 -0.00185 -0.00045 
-0.00050 0.00250 -0.00255 
0.00262 0.00520 -0.00230 
0.00300 0.00108 -0.00328 
-0.00223 0.00255 -0.00292 
0.00270 0.00620 0.00695 
-0.00063 0.00660 0.00112 
-0.00192 0.00105 -0.00530 
0.00223 0.00085 0.00355 
0.00157 0.00553 -0.00395 
0.00222 0.00245 -0.00130 
-0.00100 0.00423 -0.00072 
-0.00190 0.00505 -0.00377 
-0.00085 -0.00105 0.00165 
0.00285 0.00535 -0.00340 
-0.00060 0.00473 -0.00250 
-0.00285 0.00347 -0.00277 
0.00600 0.00623 -0.00163 
-0.00192 0.00172 -0.00470 
-0.00150 0.00727 -0.00328 
0.00103 -0.00120 -0.00040 
0.00045 0.00743 -0.00340 
0.00285 0.00115 -0.00512 
0.00297 -0.00145 0.00145 
-0.00072 0.00245 -0.00210 
0.00185 0.00892 -0.00235 
0.00030 0.00383 0.00035 
0.00018 -0.00177 -0.00205 
0.00357 0.00115 0.00625 
0.00500 0.00413 0.00240 
0.00098 0.00045 0.00027 
-0.00170 0.00572 0.00013 
-0.00125 -0.00145 -0.00527 
0.00085 0.00427 -0.00630 
-0.00177 0.00195 -0.00107 
0.00525 0.00272 -0.00655 
-0.00210 0.00123 -0.00175 
0.00257 0.00215 -0.00335 
-0.00075 -0.00072 -0.00210 
0.00105 0.00365 -0.00068 
-0.00158 0.00270 -0.00068 
-0.00255 -0.00380 0.00085 
0.00165 0.00092 0.00373 
-0.00032 -0.00005 -0.00120 
0.00435 0.01127 -0.00133 
0.00103 0.00380 -0.00257 
0.00092 0.00268 0.00132 
-0.00425 -0.00345 0.00160 
0.00100 0.00743 -0.00105 
0.00260 -0.00275 -0.00055 
-0.00240 -0.00147 0.00553 
SCALARS NextParticleID double 1 
LOOKUP_TABLE default
63 
484 
384 
68 
19 
81 
34 
50 
141 
94 
137 
40 
144 
198 
199 
239 
188 
424 
255 
346 
12 
85 
254 
101 
76 
479 
80 
132 
155 
58 
139 
311 
234 
297 
295 
100 
31 
291 
232 
283 
175 
360 
318 
712 
323 
309 
268 
345 
317 
225 
350 
368 
361 
339 
357 
340 
778 
383 
387 
445 
506 
516 
774 
575 
666 
603 
525 
776 
217 
775 
773 
523 
779 
459 
771 
780 
731 
210 
772 
777 
329 
781 
782 
587 
SCALARS PreviousParticleID double 1 
LOOKUP_TABLE default
-1 
-1 
25 
-1 
-1 
-1 
-1 
-1 
-1 
-1 
-1 
-1 
-1 
-1 
179 
-1 
-1 
-1 
-1 
-1 
-1 
-1 
-1 
-1 
-1 
-1 
-1 
-1 
-1 
-1 
-1 
-1 
-1 
-1 
-1 
-1 
-1 
-1 
-1 
-1 
-1 
-1 
-1 
-1 
-1 
-1 
-1 
-1 
-1 
-1 
-1 
-1 
-1 
-1 
-1 
-1 
-1 
-1 
-1 
-1 
-1 
-1 
-1 
-1 
-1 
-1 
-1 
-1 
-1 
-1 
407 
63 
298 
654 
317 
723 
523 
536 
346 
817 
134 
139 
165 
333 

 VERTICES 84 168 
1 0 
1 1 
1 2 
1 3 
1 4 
1 5 
1 6 
1 7 
1 8 
1 9 
1 10 
1 11 
1 12 
1 13 
1 14 
1 15 
1 16 
1 17 
1 18 
1 19 
1 20 
1 21 
1 22 
1 23 
1 24 
1 25 
1 26 
1 27 
1 28 
1 29 
1 30 
1 31 
1 32 
1 33 
1 34 
1 35 
1 36 
1 37 
1 38 
1 39 
1 40 
1 41 
1 42 
1 43 
1 44 
1 45 
1 46 
1 47 
1 48 
1 49 
1 50 
1 51 
1 52 
1 53 
1 54 
1 55 
1 56 
1 57 
1 58 
1 59 
1 60 
1 61 
1 62 
1 63 
1 64 
1 65 
1 66 
1 67 
1 68 
1 69 
1 70 
1 71 
1 72 
1 73 
1 74 
1 75 
1 76 
1 77 
1 78 
1 79 
1 80 
1 81 
1 82 
1 83 
POINT_DATA 84 
SCALARS MeanU double 1 
LOOKUP_TABLE default
0.07994 
0.08612 
0.07452 
0.12901 
0.08188 
0.14813 
0.08952 
0.11270 
0.13089 
0.09010 
0.08677 
0.08445 
0.06859 
0.07300 
0.03877 
0.05342 
0.08986 
0.14544 
0.09898 
0.11112 
0.07115 
0.14062 
0.19700 
0.15517 
0.04909 
0.14841 
0.08645 
0.03946 
0.05640 
0.02472 
0.15775 
0.09474 
0.15691 
0.04423 
0.07212 
0.12525 
0.09139 
0.08946 
0.19394 
0.13449 
0.11471 
0.08550 
0.13944 
0.07111 
0.08804 
0.13170 
0.04265 
0.13900 
0.10758 
0.10564 
0.17594 
0.10728 
0.16236 
0.03256 
0.16358 
0.11952 
0.07227 
0.06615 
0.18826 
0.07705 
0.05435 
0.14583 
0.13824 
0.02217 
0.11947 
0.11223 
0.15322 
0.05695 
0.17651 
0.05991 
0.09482 
0.04690 
0.07715 
0.06396 
0.09309 
0.08356 
0.02488 
0.24315 
0.09407 
0.06250 
0.11406 
0.15131 
0.07649 
0.12403 

 VECTORS Umean float 
-0.00750 0.05800 -0.05450 
-0.07800 0.02750 -0.02400 
0.01150 0.06850 -0.02700 
-0.01550 0.12150 -0.04050 
-0.02450 -0.03150 -0.07150 
0.05900 0.13000 0.03950 
-0.06900 0.05050 -0.02650 
0.03250 0.09400 -0.05300 
-0.01150 0.11000 -0.07000 
0.05400 0.06250 -0.03600 
0.02550 0.08250 -0.00850 
-0.00600 0.03300 -0.07750 
-0.05600 0.03150 -0.02400 
-0.00850 -0.00000 -0.07250 
0.00950 0.00900 -0.03650 
-0.01400 -0.00750 -0.05100 
0.02350 0.08100 -0.03100 
-0.07500 0.02000 -0.12300 
-0.00050 0.08600 -0.04900 
-0.02100 0.00500 -0.10900 
0.01400 0.05200 0.04650 
0.01050 0.02750 0.13750 
0.05800 0.10900 0.15350 
-0.02250 0.11900 -0.09700 
0.01200 -0.01400 -0.04550 
0.03250 -0.03700 -0.14000 
0.00050 0.08050 -0.03150 
0.02400 0.00900 -0.03000 
-0.02150 0.04300 -0.02950 
-0.01300 -0.02000 -0.00650 
0.10700 0.11050 0.03500 
-0.01350 0.02800 -0.08950 
0.00750 0.12350 0.09650 
-0.02250 -0.03700 -0.00900 
-0.01000 0.05000 -0.05100 
0.05250 0.10400 -0.04600 
0.06000 0.02150 -0.06550 
-0.04450 0.05100 -0.05850 
0.05400 0.12400 0.13900 
-0.01250 0.13200 0.02250 
-0.03850 0.02100 -0.10600 
0.04450 0.01700 0.07100 
0.03150 0.11050 -0.07900 
0.04450 0.04900 -0.02600 
-0.02000 0.08450 -0.01450 
-0.03800 0.10100 -0.07550 
-0.01700 -0.02100 0.03300 
0.05700 0.10700 -0.06800 
-0.01200 0.09450 -0.05000 
-0.05700 0.06950 -0.05550 
0.12000 0.12450 -0.03250 
-0.03850 0.03450 -0.09400 
-0.03000 0.14550 -0.06550 
0.02050 -0.02400 -0.00800 
0.00900 0.14850 -0.06800 
0.05700 0.02300 -0.10250 
0.05950 -0.02900 0.02900 
-0.01450 0.04900 -0.04200 
0.03700 0.17850 -0.04700 
0.00600 0.07650 0.00700 
0.00350 -0.03550 -0.04100 
0.07150 0.02300 0.12500 
0.10000 0.08250 0.04800 
0.01950 0.00900 0.00550 
-0.03400 0.11450 0.00250 
-0.02500 -0.02900 -0.10550 
0.01700 0.08550 -0.12600 
-0.03550 0.03900 -0.02150 
0.10500 0.05450 -0.13100 
-0.04200 0.02450 -0.03500 
0.05150 0.04300 -0.06700 
-0.01500 -0.01450 -0.04200 
0.02100 0.07300 -0.01350 
-0.03150 0.05400 -0.01350 
-0.05100 -0.07600 0.01700 
0.03300 0.01850 0.07450 
-0.00650 -0.00100 -0.02400 
0.08700 0.22550 -0.02650 
0.02050 0.07600 -0.05150 
0.01850 0.05350 0.02650 
-0.08500 -0.06900 0.03200 
0.02000 0.14850 -0.02100 
0.05200 -0.05500 -0.01100 
-0.04800 -0.02950 0.11050 
SCALARS NextParticleID double 1 
LOOKUP_TABLE default
63 
484 
384 
68 
19 
81 
34 
50 
141 
94 
137 
40 
144 
198 
199 
239 
188 
424 
255 
346 
12 
85 
254 
101 
76 
479 
80 
132 
155 
58 
139 
311 
234 
297 
295 
100 
31 
291 
232 
283 
175 
360 
318 
712 
323 
309 
268 
345 
317 
225 
350 
368 
361 
339 
357 
340 
778 
383 
387 
445 
506 
516 
774 
575 
666 
603 
525 
776 
217 
775 
773 
523 
779 
459 
771 
780 
731 
210 
772 
777 
329 
781 
782 
587 
SCALARS PreviousParticleID double 1 
LOOKUP_TABLE default
-1 
-1 
25 
-1 
-1 
-1 
-1 
-1 
-1 
-1 
-1 
-1 
-1 
-1 
179 
-1 
-1 
-1 
-1 
-1 
-1 
-1 
-1 
-1 
-1 
-1 
-1 
-1 
-1 
-1 
-1 
-1 
-1 
-1 
-1 
-1 
-1 
-1 
-1 
-1 
-1 
-1 
-1 
-1 
-1 
-1 
-1 
-1 
-1 
-1 
-1 
-1 
-1 
-1 
-1 
-1 
-1 
-1 
-1 
-1 
-1 
-1 
-1 
-1 
-1 
-1 
-1 
-1 
-1 
-1 
407 
63 
298 
654 
317 
723 
523 
536 
346 
817 
134 
139 
165 
333 

 VERTICES 84 168 
1 0 
1 1 
1 2 
1 3 
1 4 
1 5 
1 6 
1 7 
1 8 
1 9 
1 10 
1 11 
1 12 
1 13 
1 14 
1 15 
1 16 
1 17 
1 18 
1 19 
1 20 
1 21 
1 22 
1 23 
1 24 
1 25 
1 26 
1 27 
1 28 
1 29 
1 30 
1 31 
1 32 
1 33 
1 34 
1 35 
1 36 
1 37 
1 38 
1 39 
1 40 
1 41 
1 42 
1 43 
1 44 
1 45 
1 46 
1 47 
1 48 
1 49 
1 50 
1 51 
1 52 
1 53 
1 54 
1 55 
1 56 
1 57 
1 58 
1 59 
1 60 
1 61 
1 62 
1 63 
1 64 
1 65 
1 66 
1 67 
1 68 
1 69 
1 70 
1 71 
1 72 
1 73 
1 74 
1 75 
1 76 
1 77 
1 78 
1 79 
1 80 
1 81 
1 82 
1 83 
POINT_DATA 84 
SCALARS MeanU double 1 
LOOKUP_TABLE default
0.07994 
0.08612 
0.07452 
0.12901 
0.08188 
0.14813 
0.08952 
0.11270 
0.13089 
0.09010 
0.08677 
0.08445 
0.06859 
0.07300 
0.03877 
0.05342 
0.08986 
0.14544 
0.09898 
0.11112 
0.07115 
0.14062 
0.19700 
0.15517 
0.04909 
0.14841 
0.08645 
0.03946 
0.05640 
0.02472 
0.15775 
0.09474 
0.15691 
0.04423 
0.07212 
0.12525 
0.09139 
0.08946 
0.19394 
0.13449 
0.11471 
0.08550 
0.13944 
0.07111 
0.08804 
0.13170 
0.04265 
0.13900 
0.10758 
0.10564 
0.17594 
0.10728 
0.16236 
0.03256 
0.16358 
0.11952 
0.07227 
0.06615 
0.18826 
0.07705 
0.05435 
0.14583 
0.13824 
0.02217 
0.11947 
0.11223 
0.15322 
0.05695 
0.17651 
0.05991 
0.09482 
0.04690 
0.07715 
0.06396 
0.09309 
0.08356 
0.02488 
0.24315 
0.09407 
0.06250 
0.11406 
0.15131 
0.07649 
0.12403 

 VECTORS Umean float 
-0.00750 0.05800 -0.05450 
-0.07800 0.02750 -0.02400 
0.01150 0.06850 -0.02700 
-0.01550 0.12150 -0.04050 
-0.02450 -0.03150 -0.07150 
0.05900 0.13000 0.03950 
-0.06900 0.05050 -0.02650 
0.03250 0.09400 -0.05300 
-0.01150 0.11000 -0.07000 
0.05400 0.06250 -0.03600 
0.02550 0.08250 -0.00850 
-0.00600 0.03300 -0.07750 
-0.05600 0.03150 -0.02400 
-0.00850 -0.00000 -0.07250 
0.00950 0.00900 -0.03650 
-0.01400 -0.00750 -0.05100 
0.02350 0.08100 -0.03100 
-0.07500 0.02000 -0.12300 
-0.00050 0.08600 -0.04900 
-0.02100 0.00500 -0.10900 
0.01400 0.05200 0.04650 
0.01050 0.02750 0.13750 
0.05800 0.10900 0.15350 
-0.02250 0.11900 -0.09700 
0.01200 -0.01400 -0.04550 
0.03250 -0.03700 -0.14000 
0.00050 0.08050 -0.03150 
0.02400 0.00900 -0.03000 
-0.02150 0.04300 -0.02950 
-0.01300 -0.02000 -0.00650 
0.10700 0.11050 0.03500 
-0.01350 0.02800 -0.08950 
0.00750 0.12350 0.09650 
-0.02250 -0.03700 -0.00900 
-0.01000 0.05000 -0.05100 
0.05250 0.10400 -0.04600 
0.06000 0.02150 -0.06550 
-0.04450 0.05100 -0.05850 
0.05400 0.12400 0.13900 
-0.01250 0.13200 0.02250 
-0.03850 0.02100 -0.10600 
0.04450 0.01700 0.07100 
0.03150 0.11050 -0.07900 
0.04450 0.04900 -0.02600 
-0.02000 0.08450 -0.01450 
-0.03800 0.10100 -0.07550 
-0.01700 -0.02100 0.03300 
0.05700 0.10700 -0.06800 
-0.01200 0.09450 -0.05000 
-0.05700 0.06950 -0.05550 
0.12000 0.12450 -0.03250 
-0.03850 0.03450 -0.09400 
-0.03000 0.14550 -0.06550 
0.02050 -0.02400 -0.00800 
0.00900 0.14850 -0.06800 
0.05700 0.02300 -0.10250 
0.05950 -0.02900 0.02900 
-0.01450 0.04900 -0.04200 
0.03700 0.17850 -0.04700 
0.00600 0.07650 0.00700 
0.00350 -0.03550 -0.04100 
0.07150 0.02300 0.12500 
0.10000 0.08250 0.04800 
0.01950 0.00900 0.00550 
-0.03400 0.11450 0.00250 
-0.02500 -0.02900 -0.10550 
0.01700 0.08550 -0.12600 
-0.03550 0.03900 -0.02150 
0.10500 0.05450 -0.13100 
-0.04200 0.02450 -0.03500 
0.05150 0.04300 -0.06700 
-0.01500 -0.01450 -0.04200 
0.02100 0.07300 -0.01350 
-0.03150 0.05400 -0.01350 
-0.05100 -0.07600 0.01700 
0.03300 0.01850 0.07450 
-0.00650 -0.00100 -0.02400 
0.08700 0.22550 -0.02650 
0.02050 0.07600 -0.05150 
0.01850 0.05350 0.02650 
-0.08500 -0.06900 0.03200 
0.02000 0.14850 -0.02100 
0.05200 -0.05500 -0.01100 
-0.04800 -0.02950 0.11050 
SCALARS NextParticleID double 1 
LOOKUP_TABLE default
63 
484 
384 
68 
19 
81 
34 
50 
141 
94 
137 
40 
144 
198 
199 
239 
188 
424 
255 
346 
12 
85 
254 
101 
76 
479 
80 
132 
155 
58 
139 
311 
234 
297 
295 
100 
31 
291 
232 
283 
175 
360 
318 
712 
323 
309 
268 
345 
317 
225 
350 
368 
361 
339 
357 
340 
778 
383 
387 
445 
506 
516 
774 
575 
666 
603 
525 
776 
217 
775 
773 
523 
779 
459 
771 
780 
731 
210 
772 
777 
329 
781 
782 
587 
SCALARS PreviousParticleID double 1 
LOOKUP_TABLE default
-1 
-1 
25 
-1 
-1 
-1 
-1 
-1 
-1 
-1 
-1 
-1 
-1 
-1 
179 
-1 
-1 
-1 
-1 
-1 
-1 
-1 
-1 
-1 
-1 
-1 
-1 
-1 
-1 
-1 
-1 
-1 
-1 
-1 
-1 
-1 
-1 
-1 
-1 
-1 
-1 
-1 
-1 
-1 
-1 
-1 
-1 
-1 
-1 
-1 
-1 
-1 
-1 
-1 
-1 
-1 
-1 
-1 
-1 
-1 
-1 
-1 
-1 
-1 
-1 
-1 
-1 
-1 
-1 
-1 
407 
63 
298 
654 
317 
723 
523 
536 
346 
817 
134 
139 
165 
333 

 VERTICES 84 168 
1 0 
1 1 
1 2 
1 3 
1 4 
1 5 
1 6 
1 7 
1 8 
1 9 
1 10 
1 11 
1 12 
1 13 
1 14 
1 15 
1 16 
1 17 
1 18 
1 19 
1 20 
1 21 
1 22 
1 23 
1 24 
1 25 
1 26 
1 27 
1 28 
1 29 
1 30 
1 31 
1 32 
1 33 
1 34 
1 35 
1 36 
1 37 
1 38 
1 39 
1 40 
1 41 
1 42 
1 43 
1 44 
1 45 
1 46 
1 47 
1 48 
1 49 
1 50 
1 51 
1 52 
1 53 
1 54 
1 55 
1 56 
1 57 
1 58 
1 59 
1 60 
1 61 
1 62 
1 63 
1 64 
1 65 
1 66 
1 67 
1 68 
1 69 
1 70 
1 71 
1 72 
1 73 
1 74 
1 75 
1 76 
1 77 
1 78 
1 79 
1 80 
1 81 
1 82 
1 83 
POINT_DATA 84 
SCALARS MeanU double 1 
LOOKUP_TABLE default
0.07994 
0.08612 
0.07452 
0.12901 
0.08188 
0.14813 
0.08952 
0.11270 
0.13089 
0.09010 
0.08677 
0.08445 
0.06859 
0.07300 
0.03877 
0.05342 
0.08986 
0.14544 
0.09898 
0.11112 
0.07115 
0.14062 
0.19700 
0.15517 
0.04909 
0.14841 
0.08645 
0.03946 
0.05640 
0.02472 
0.15775 
0.09474 
0.15691 
0.04423 
0.07212 
0.12525 
0.09139 
0.08946 
0.19394 
0.13449 
0.11471 
0.08550 
0.13944 
0.07111 
0.08804 
0.13170 
0.04265 
0.13900 
0.10758 
0.10564 
0.17594 
0.10728 
0.16236 
0.03256 
0.16358 
0.11952 
0.07227 
0.06615 
0.18826 
0.07705 
0.05435 
0.14583 
0.13824 
0.02217 
0.11947 
0.11223 
0.15322 
0.05695 
0.17651 
0.05991 
0.09482 
0.04690 
0.07715 
0.06396 
0.09309 
0.08356 
0.02488 
0.24315 
0.09407 
0.06250 
0.11406 
0.15131 
0.07649 
0.12403 

 VECTORS Umean float 
-0.00750 0.05800 -0.05450 
-0.07800 0.02750 -0.02400 
0.01150 0.06850 -0.02700 
-0.01550 0.12150 -0.04050 
-0.02450 -0.03150 -0.07150 
0.05900 0.13000 0.03950 
-0.06900 0.05050 -0.02650 
0.03250 0.09400 -0.05300 
-0.01150 0.11000 -0.07000 
0.05400 0.06250 -0.03600 
0.02550 0.08250 -0.00850 
-0.00600 0.03300 -0.07750 
-0.05600 0.03150 -0.02400 
-0.00850 -0.00000 -0.07250 
0.00950 0.00900 -0.03650 
-0.01400 -0.00750 -0.05100 
0.02350 0.08100 -0.03100 
-0.07500 0.02000 -0.12300 
-0.00050 0.08600 -0.04900 
-0.02100 0.00500 -0.10900 
0.01400 0.05200 0.04650 
0.01050 0.02750 0.13750 
0.05800 0.10900 0.15350 
-0.02250 0.11900 -0.09700 
0.01200 -0.01400 -0.04550 
0.03250 -0.03700 -0.14000 
0.00050 0.08050 -0.03150 
0.02400 0.00900 -0.03000 
-0.02150 0.04300 -0.02950 
-0.01300 -0.02000 -0.00650 
0.10700 0.11050 0.03500 
-0.01350 0.02800 -0.08950 
0.00750 0.12350 0.09650 
-0.02250 -0.03700 -0.00900 
-0.01000 0.05000 -0.05100 
0.05250 0.10400 -0.04600 
0.06000 0.02150 -0.06550 
-0.04450 0.05100 -0.05850 
0.05400 0.12400 0.13900 
-0.01250 0.13200 0.02250 
-0.03850 0.02100 -0.10600 
0.04450 0.01700 0.07100 
0.03150 0.11050 -0.07900 
0.04450 0.04900 -0.02600 
-0.02000 0.08450 -0.01450 
-0.03800 0.10100 -0.07550 
-0.01700 -0.02100 0.03300 
0.05700 0.10700 -0.06800 
-0.01200 0.09450 -0.05000 
-0.05700 0.06950 -0.05550 
0.12000 0.12450 -0.03250 
-0.03850 0.03450 -0.09400 
-0.03000 0.14550 -0.06550 
0.02050 -0.02400 -0.00800 
0.00900 0.14850 -0.06800 
0.05700 0.02300 -0.10250 
0.05950 -0.02900 0.02900 
-0.01450 0.04900 -0.04200 
0.03700 0.17850 -0.04700 
0.00600 0.07650 0.00700 
0.00350 -0.03550 -0.04100 
0.07150 0.02300 0.12500 
0.10000 0.08250 0.04800 
0.01950 0.00900 0.00550 
-0.03400 0.11450 0.00250 
-0.02500 -0.02900 -0.10550 
0.01700 0.08550 -0.12600 
-0.03550 0.03900 -0.02150 
0.10500 0.05450 -0.13100 
-0.04200 0.02450 -0.03500 
0.05150 0.04300 -0.06700 
-0.01500 -0.01450 -0.04200 
0.02100 0.07300 -0.01350 
-0.03150 0.05400 -0.01350 
-0.05100 -0.07600 0.01700 
0.03300 0.01850 0.07450 
-0.00650 -0.00100 -0.02400 
0.08700 0.22550 -0.02650 
0.02050 0.07600 -0.05150 
0.01850 0.05350 0.02650 
-0.08500 -0.06900 0.03200 
0.02000 0.14850 -0.02100 
0.05200 -0.05500 -0.01100 
-0.04800 -0.02950 0.11050 
SCALARS NextParticleID double 1 
LOOKUP_TABLE default
63 
484 
384 
68 
19 
81 
34 
50 
141 
94 
137 
40 
144 
198 
199 
239 
188 
424 
255 
346 
12 
85 
254 
101 
76 
479 
80 
132 
155 
58 
139 
311 
234 
297 
295 
100 
31 
291 
232 
283 
175 
360 
318 
712 
323 
309 
268 
345 
317 
225 
350 
368 
361 
339 
357 
340 
778 
383 
387 
445 
506 
516 
774 
575 
666 
603 
525 
776 
217 
775 
773 
523 
779 
459 
771 
780 
731 
210 
772 
777 
329 
781 
782 
587 
SCALARS PreviousParticleID double 1 
LOOKUP_TABLE default
-1 
-1 
25 
-1 
-1 
-1 
-1 
-1 
-1 
-1 
-1 
-1 
-1 
-1 
179 
-1 
-1 
-1 
-1 
-1 
-1 
-1 
-1 
-1 
-1 
-1 
-1 
-1 
-1 
-1 
-1 
-1 
-1 
-1 
-1 
-1 
-1 
-1 
-1 
-1 
-1 
-1 
-1 
-1 
-1 
-1 
-1 
-1 
-1 
-1 
-1 
-1 
-1 
-1 
-1 
-1 
-1 
-1 
-1 
-1 
-1 
-1 
-1 
-1 
-1 
-1 
-1 
-1 
-1 
-1 
407 
63 
298 
654 
317 
723 
523 
536 
346 
817 
134 
139 
165 
333 

 VERTICES 84 168 
1 0 
1 1 
1 2 
1 3 
1 4 
1 5 
1 6 
1 7 
1 8 
1 9 
1 10 
1 11 
1 12 
1 13 
1 14 
1 15 
1 16 
1 17 
1 18 
1 19 
1 20 
1 21 
1 22 
1 23 
1 24 
1 25 
1 26 
1 27 
1 28 
1 29 
1 30 
1 31 
1 32 
1 33 
1 34 
1 35 
1 36 
1 37 
1 38 
1 39 
1 40 
1 41 
1 42 
1 43 
1 44 
1 45 
1 46 
1 47 
1 48 
1 49 
1 50 
1 51 
1 52 
1 53 
1 54 
1 55 
1 56 
1 57 
1 58 
1 59 
1 60 
1 61 
1 62 
1 63 
1 64 
1 65 
1 66 
1 67 
1 68 
1 69 
1 70 
1 71 
1 72 
1 73 
1 74 
1 75 
1 76 
1 77 
1 78 
1 79 
1 80 
1 81 
1 82 
1 83 
POINT_DATA 84 
SCALARS MeanU double 1 
LOOKUP_TABLE default
0.07994 
0.08612 
0.07452 
0.12901 
0.08188 
0.14813 
0.08952 
0.11270 
0.13089 
0.09010 
0.08677 
0.08445 
0.06859 
0.07300 
0.03877 
0.05342 
0.08986 
0.14544 
0.09898 
0.11112 
0.07115 
0.14062 
0.19700 
0.15517 
0.04909 
0.14841 
0.08645 
0.03946 
0.05640 
0.02472 
0.15775 
0.09474 
0.15691 
0.04423 
0.07212 
0.12525 
0.09139 
0.08946 
0.19394 
0.13449 
0.11471 
0.08550 
0.13944 
0.07111 
0.08804 
0.13170 
0.04265 
0.13900 
0.10758 
0.10564 
0.17594 
0.10728 
0.16236 
0.03256 
0.16358 
0.11952 
0.07227 
0.06615 
0.18826 
0.07705 
0.05435 
0.14583 
0.13824 
0.02217 
0.11947 
0.11223 
0.15322 
0.05695 
0.17651 
0.05991 
0.09482 
0.04690 
0.07715 
0.06396 
0.09309 
0.08356 
0.02488 
0.24315 
0.09407 
0.06250 
0.11406 
0.15131 
0.07649 
0.12403 

 VECTORS Umean float 
-0.00750 0.05800 -0.05450 
-0.07800 0.02750 -0.02400 
0.01150 0.06850 -0.02700 
-0.01550 0.12150 -0.04050 
-0.02450 -0.03150 -0.07150 
0.05900 0.13000 0.03950 
-0.06900 0.05050 -0.02650 
0.03250 0.09400 -0.05300 
-0.01150 0.11000 -0.07000 
0.05400 0.06250 -0.03600 
0.02550 0.08250 -0.00850 
-0.00600 0.03300 -0.07750 
-0.05600 0.03150 -0.02400 
-0.00850 -0.00000 -0.07250 
0.00950 0.00900 -0.03650 
-0.01400 -0.00750 -0.05100 
0.02350 0.08100 -0.03100 
-0.07500 0.02000 -0.12300 
-0.00050 0.08600 -0.04900 
-0.02100 0.00500 -0.10900 
0.01400 0.05200 0.04650 
0.01050 0.02750 0.13750 
0.05800 0.10900 0.15350 
-0.02250 0.11900 -0.09700 
0.01200 -0.01400 -0.04550 
0.03250 -0.03700 -0.14000 
0.00050 0.08050 -0.03150 
0.02400 0.00900 -0.03000 
-0.02150 0.04300 -0.02950 
-0.01300 -0.02000 -0.00650 
0.10700 0.11050 0.03500 
-0.01350 0.02800 -0.08950 
0.00750 0.12350 0.09650 
-0.02250 -0.03700 -0.00900 
-0.01000 0.05000 -0.05100 
0.05250 0.10400 -0.04600 
0.06000 0.02150 -0.06550 
-0.04450 0.05100 -0.05850 
0.05400 0.12400 0.13900 
-0.01250 0.13200 0.02250 
-0.03850 0.02100 -0.10600 
0.04450 0.01700 0.07100 
0.03150 0.11050 -0.07900 
0.04450 0.04900 -0.02600 
-0.02000 0.08450 -0.01450 
-0.03800 0.10100 -0.07550 
-0.01700 -0.02100 0.03300 
0.05700 0.10700 -0.06800 
-0.01200 0.09450 -0.05000 
-0.05700 0.06950 -0.05550 
0.12000 0.12450 -0.03250 
-0.03850 0.03450 -0.09400 
-0.03000 0.14550 -0.06550 
0.02050 -0.02400 -0.00800 
0.00900 0.14850 -0.06800 
0.05700 0.02300 -0.10250 
0.05950 -0.02900 0.02900 
-0.01450 0.04900 -0.04200 
0.03700 0.17850 -0.04700 
0.00600 0.07650 0.00700 
0.00350 -0.03550 -0.04100 
0.07150 0.02300 0.12500 
0.10000 0.08250 0.04800 
0.01950 0.00900 0.00550 
-0.03400 0.11450 0.00250 
-0.02500 -0.02900 -0.10550 
0.01700 0.08550 -0.12600 
-0.03550 0.03900 -0.02150 
0.10500 0.05450 -0.13100 
-0.04200 0.02450 -0.03500 
0.05150 0.04300 -0.06700 
-0.01500 -0.01450 -0.04200 
0.02100 0.07300 -0.01350 
-0.03150 0.05400 -0.01350 
-0.05100 -0.07600 0.01700 
0.03300 0.01850 0.07450 
-0.00650 -0.00100 -0.02400 
0.08700 0.22550 -0.02650 
0.02050 0.07600 -0.05150 
0.01850 0.05350 0.02650 
-0.08500 -0.06900 0.03200 
0.02000 0.14850 -0.02100 
0.05200 -0.05500 -0.01100 
-0.04800 -0.02950 0.11050 
SCALARS NextParticleID double 1 
LOOKUP_TABLE default
63 
484 
384 
68 
19 
81 
34 
50 
141 
94 
137 
40 
144 
198 
199 
239 
188 
424 
255 
346 
12 
85 
254 
101 
76 
479 
80 
132 
155 
58 
139 
311 
234 
297 
295 
100 
31 
291 
232 
283 
175 
360 
318 
712 
323 
309 
268 
345 
317 
225 
350 
368 
361 
339 
357 
340 
778 
383 
387 
445 
506 
516 
774 
575 
666 
603 
525 
776 
217 
775 
773 
523 
779 
459 
771 
780 
731 
210 
772 
777 
329 
781 
782 
587 
SCALARS PreviousParticleID double 1 
LOOKUP_TABLE default
-1 
-1 
25 
-1 
-1 
-1 
-1 
-1 
-1 
-1 
-1 
-1 
-1 
-1 
179 
-1 
-1 
-1 
-1 
-1 
-1 
-1 
-1 
-1 
-1 
-1 
-1 
-1 
-1 
-1 
-1 
-1 
-1 
-1 
-1 
-1 
-1 
-1 
-1 
-1 
-1 
-1 
-1 
-1 
-1 
-1 
-1 
-1 
-1 
-1 
-1 
-1 
-1 
-1 
-1 
-1 
-1 
-1 
-1 
-1 
-1 
-1 
-1 
-1 
-1 
-1 
-1 
-1 
-1 
-1 
407 
63 
298 
654 
317 
723 
523 
536 
346 
817 
134 
139 
165 
333 

 VERTICES 84 168 
1 0 
1 1 
1 2 
1 3 
1 4 
1 5 
1 6 
1 7 
1 8 
1 9 
1 10 
1 11 
1 12 
1 13 
1 14 
1 15 
1 16 
1 17 
1 18 
1 19 
1 20 
1 21 
1 22 
1 23 
1 24 
1 25 
1 26 
1 27 
1 28 
1 29 
1 30 
1 31 
1 32 
1 33 
1 34 
1 35 
1 36 
1 37 
1 38 
1 39 
1 40 
1 41 
1 42 
1 43 
1 44 
1 45 
1 46 
1 47 
1 48 
1 49 
1 50 
1 51 
1 52 
1 53 
1 54 
1 55 
1 56 
1 57 
1 58 
1 59 
1 60 
1 61 
1 62 
1 63 
1 64 
1 65 
1 66 
1 67 
1 68 
1 69 
1 70 
1 71 
1 72 
1 73 
1 74 
1 75 
1 76 
1 77 
1 78 
1 79 
1 80 
1 81 
1 82 
1 83 
POINT_DATA 84 
SCALARS MeanU double 1 
LOOKUP_TABLE default
0.07994 
0.08612 
0.07452 
0.12901 
0.08188 
0.14813 
0.08952 
0.11270 
0.13089 
0.09010 
0.08677 
0.08445 
0.06859 
0.07300 
0.03877 
0.05342 
0.08986 
0.14544 
0.09898 
0.11112 
0.07115 
0.14062 
0.19700 
0.15517 
0.04909 
0.14841 
0.08645 
0.03946 
0.05640 
0.02472 
0.15775 
0.09474 
0.15691 
0.04423 
0.07212 
0.12525 
0.09139 
0.08946 
0.19394 
0.13449 
0.11471 
0.08550 
0.13944 
0.07111 
0.08804 
0.13170 
0.04265 
0.13900 
0.10758 
0.10564 
0.17594 
0.10728 
0.16236 
0.03256 
0.16358 
0.11952 
0.07227 
0.06615 
0.18826 
0.07705 
0.05435 
0.14583 
0.13824 
0.02217 
0.11947 
0.11223 
0.15322 
0.05695 
0.17651 
0.05991 
0.09482 
0.04690 
0.07715 
0.06396 
0.09309 
0.08356 
0.02488 
0.24315 
0.09407 
0.06250 
0.11406 
0.15131 
0.07649 
0.12403 

 VECTORS Umean float 
-0.00750 0.05800 -0.05450 
-0.07800 0.02750 -0.02400 
0.01150 0.06850 -0.02700 
-0.01550 0.12150 -0.04050 
-0.02450 -0.03150 -0.07150 
0.05900 0.13000 0.03950 
-0.06900 0.05050 -0.02650 
0.03250 0.09400 -0.05300 
-0.01150 0.11000 -0.07000 
0.05400 0.06250 -0.03600 
0.02550 0.08250 -0.00850 
-0.00600 0.03300 -0.07750 
-0.05600 0.03150 -0.02400 
-0.00850 -0.00000 -0.07250 
0.00950 0.00900 -0.03650 
-0.01400 -0.00750 -0.05100 
0.02350 0.08100 -0.03100 
-0.07500 0.02000 -0.12300 
-0.00050 0.08600 -0.04900 
-0.02100 0.00500 -0.10900 
0.01400 0.05200 0.04650 
0.01050 0.02750 0.13750 
0.05800 0.10900 0.15350 
-0.02250 0.11900 -0.09700 
0.01200 -0.01400 -0.04550 
0.03250 -0.03700 -0.14000 
0.00050 0.08050 -0.03150 
0.02400 0.00900 -0.03000 
-0.02150 0.04300 -0.02950 
-0.01300 -0.02000 -0.00650 
0.10700 0.11050 0.03500 
-0.01350 0.02800 -0.08950 
0.00750 0.12350 0.09650 
-0.02250 -0.03700 -0.00900 
-0.01000 0.05000 -0.05100 
0.05250 0.10400 -0.04600 
0.06000 0.02150 -0.06550 
-0.04450 0.05100 -0.05850 
0.05400 0.12400 0.13900 
-0.01250 0.13200 0.02250 
-0.03850 0.02100 -0.10600 
0.04450 0.01700 0.07100 
0.03150 0.11050 -0.07900 
0.04450 0.04900 -0.02600 
-0.02000 0.08450 -0.01450 
-0.03800 0.10100 -0.07550 
-0.01700 -0.02100 0.03300 
0.05700 0.10700 -0.06800 
-0.01200 0.09450 -0.05000 
-0.05700 0.06950 -0.05550 
0.12000 0.12450 -0.03250 
-0.03850 0.03450 -0.09400 
-0.03000 0.14550 -0.06550 
0.02050 -0.02400 -0.00800 
0.00900 0.14850 -0.06800 
0.05700 0.02300 -0.10250 
0.05950 -0.02900 0.02900 
-0.01450 0.04900 -0.04200 
0.03700 0.17850 -0.04700 
0.00600 0.07650 0.00700 
0.00350 -0.03550 -0.04100 
0.07150 0.02300 0.12500 
0.10000 0.08250 0.04800 
0.01950 0.00900 0.00550 
-0.03400 0.11450 0.00250 
-0.02500 -0.02900 -0.10550 
0.01700 0.08550 -0.12600 
-0.03550 0.03900 -0.02150 
0.10500 0.05450 -0.13100 
-0.04200 0.02450 -0.03500 
0.05150 0.04300 -0.06700 
-0.01500 -0.01450 -0.04200 
0.02100 0.07300 -0.01350 
-0.03150 0.05400 -0.01350 
-0.05100 -0.07600 0.01700 
0.03300 0.01850 0.07450 
-0.00650 -0.00100 -0.02400 
0.08700 0.22550 -0.02650 
0.02050 0.07600 -0.05150 
0.01850 0.05350 0.02650 
-0.08500 -0.06900 0.03200 
0.02000 0.14850 -0.02100 
0.05200 -0.05500 -0.01100 
-0.04800 -0.02950 0.11050 
SCALARS NextParticleID double 1 
LOOKUP_TABLE default
63 
484 
384 
68 
19 
81 
34 
50 
141 
94 
137 
40 
144 
198 
199 
239 
188 
424 
255 
346 
12 
85 
254 
101 
76 
479 
80 
132 
155 
58 
139 
311 
234 
297 
295 
100 
31 
291 
232 
283 
175 
360 
318 
712 
323 
309 
268 
345 
317 
225 
350 
368 
361 
339 
357 
340 
778 
383 
387 
445 
506 
516 
774 
575 
666 
603 
525 
776 
217 
775 
773 
523 
779 
459 
771 
780 
731 
210 
772 
777 
329 
781 
782 
587 
SCALARS PreviousParticleID double 1 
LOOKUP_TABLE default
-1 
-1 
25 
-1 
-1 
-1 
-1 
-1 
-1 
-1 
-1 
-1 
-1 
-1 
179 
-1 
-1 
-1 
-1 
-1 
-1 
-1 
-1 
-1 
-1 
-1 
-1 
-1 
-1 
-1 
-1 
-1 
-1 
-1 
-1 
-1 
-1 
-1 
-1 
-1 
-1 
-1 
-1 
-1 
-1 
-1 
-1 
-1 
-1 
-1 
-1 
-1 
-1 
-1 
-1 
-1 
-1 
-1 
-1 
-1 
-1 
-1 
-1 
-1 
-1 
-1 
-1 
-1 
-1 
-1 
407 
63 
298 
654 
317 
723 
523 
536 
346 
817 
134 
139 
165 
333 

 VERTICES 84 168 
1 0 
1 1 
1 2 
1 3 
1 4 
1 5 
1 6 
1 7 
1 8 
1 9 
1 10 
1 11 
1 12 
1 13 
1 14 
1 15 
1 16 
1 17 
1 18 
1 19 
1 20 
1 21 
1 22 
1 23 
1 24 
1 25 
1 26 
1 27 
1 28 
1 29 
1 30 
1 31 
1 32 
1 33 
1 34 
1 35 
1 36 
1 37 
1 38 
1 39 
1 40 
1 41 
1 42 
1 43 
1 44 
1 45 
1 46 
1 47 
1 48 
1 49 
1 50 
1 51 
1 52 
1 53 
1 54 
1 55 
1 56 
1 57 
1 58 
1 59 
1 60 
1 61 
1 62 
1 63 
1 64 
1 65 
1 66 
1 67 
1 68 
1 69 
1 70 
1 71 
1 72 
1 73 
1 74 
1 75 
1 76 
1 77 
1 78 
1 79 
1 80 
1 81 
1 82 
1 83 
POINT_DATA 84 
SCALARS MeanU double 1 
LOOKUP_TABLE default
0.07994 
0.08612 
0.07452 
0.12901 
0.08188 
0.14813 
0.08952 
0.11270 
0.13089 
0.09010 
0.08677 
0.08445 
0.06859 
0.07300 
0.03877 
0.05342 
0.08986 
0.14544 
0.09898 
0.11112 
0.07115 
0.14062 
0.19700 
0.15517 
0.04909 
0.14841 
0.08645 
0.03946 
0.05640 
0.02472 
0.15775 
0.09474 
0.15691 
0.04423 
0.07212 
0.12525 
0.09139 
0.08946 
0.19394 
0.13449 
0.11471 
0.08550 
0.13944 
0.07111 
0.08804 
0.13170 
0.04265 
0.13900 
0.10758 
0.10564 
0.17594 
0.10728 
0.16236 
0.03256 
0.16358 
0.11952 
0.07227 
0.06615 
0.18826 
0.07705 
0.05435 
0.14583 
0.13824 
0.02217 
0.11947 
0.11223 
0.15322 
0.05695 
0.17651 
0.05991 
0.09482 
0.04690 
0.07715 
0.06396 
0.09309 
0.08356 
0.02488 
0.24315 
0.09407 
0.06250 
0.11406 
0.15131 
0.07649 
0.12403 

 VECTORS Umean float 
-0.00750 0.05800 -0.05450 
-0.07800 0.02750 -0.02400 
0.01150 0.06850 -0.02700 
-0.01550 0.12150 -0.04050 
-0.02450 -0.03150 -0.07150 
0.05900 0.13000 0.03950 
-0.06900 0.05050 -0.02650 
0.03250 0.09400 -0.05300 
-0.01150 0.11000 -0.07000 
0.05400 0.06250 -0.03600 
0.02550 0.08250 -0.00850 
-0.00600 0.03300 -0.07750 
-0.05600 0.03150 -0.02400 
-0.00850 -0.00000 -0.07250 
0.00950 0.00900 -0.03650 
-0.01400 -0.00750 -0.05100 
0.02350 0.08100 -0.03100 
-0.07500 0.02000 -0.12300 
-0.00050 0.08600 -0.04900 
-0.02100 0.00500 -0.10900 
0.01400 0.05200 0.04650 
0.01050 0.02750 0.13750 
0.05800 0.10900 0.15350 
-0.02250 0.11900 -0.09700 
0.01200 -0.01400 -0.04550 
0.03250 -0.03700 -0.14000 
0.00050 0.08050 -0.03150 
0.02400 0.00900 -0.03000 
-0.02150 0.04300 -0.02950 
-0.01300 -0.02000 -0.00650 
0.10700 0.11050 0.03500 
-0.01350 0.02800 -0.08950 
0.00750 0.12350 0.09650 
-0.02250 -0.03700 -0.00900 
-0.01000 0.05000 -0.05100 
0.05250 0.10400 -0.04600 
0.06000 0.02150 -0.06550 
-0.04450 0.05100 -0.05850 
0.05400 0.12400 0.13900 
-0.01250 0.13200 0.02250 
-0.03850 0.02100 -0.10600 
0.04450 0.01700 0.07100 
0.03150 0.11050 -0.07900 
0.04450 0.04900 -0.02600 
-0.02000 0.08450 -0.01450 
-0.03800 0.10100 -0.07550 
-0.01700 -0.02100 0.03300 
0.05700 0.10700 -0.06800 
-0.01200 0.09450 -0.05000 
-0.05700 0.06950 -0.05550 
0.12000 0.12450 -0.03250 
-0.03850 0.03450 -0.09400 
-0.03000 0.14550 -0.06550 
0.02050 -0.02400 -0.00800 
0.00900 0.14850 -0.06800 
0.05700 0.02300 -0.10250 
0.05950 -0.02900 0.02900 
-0.01450 0.04900 -0.04200 
0.03700 0.17850 -0.04700 
0.00600 0.07650 0.00700 
0.00350 -0.03550 -0.04100 
0.07150 0.02300 0.12500 
0.10000 0.08250 0.04800 
0.01950 0.00900 0.00550 
-0.03400 0.11450 0.00250 
-0.02500 -0.02900 -0.10550 
0.01700 0.08550 -0.12600 
-0.03550 0.03900 -0.02150 
0.10500 0.05450 -0.13100 
-0.04200 0.02450 -0.03500 
0.05150 0.04300 -0.06700 
-0.01500 -0.01450 -0.04200 
0.02100 0.07300 -0.01350 
-0.03150 0.05400 -0.01350 
-0.05100 -0.07600 0.01700 
0.03300 0.01850 0.07450 
-0.00650 -0.00100 -0.02400 
0.08700 0.22550 -0.02650 
0.02050 0.07600 -0.05150 
0.01850 0.05350 0.02650 
-0.08500 -0.06900 0.03200 
0.02000 0.14850 -0.02100 
0.05200 -0.05500 -0.01100 
-0.04800 -0.02950 0.11050 
SCALARS NextParticleID double 1 
LOOKUP_TABLE default
63 
484 
384 
68 
19 
81 
34 
50 
141 
94 
137 
40 
144 
198 
199 
239 
188 
424 
255 
346 
12 
85 
254 
101 
76 
479 
80 
132 
155 
58 
139 
311 
234 
297 
295 
100 
31 
291 
232 
283 
175 
360 
318 
712 
323 
309 
268 
345 
317 
225 
350 
368 
361 
339 
357 
340 
778 
383 
387 
445 
506 
516 
774 
575 
666 
603 
525 
776 
217 
775 
773 
523 
779 
459 
771 
780 
731 
210 
772 
777 
329 
781 
782 
587 
SCALARS PreviousParticleID double 1 
LOOKUP_TABLE default
-1 
-1 
25 
-1 
-1 
-1 
-1 
-1 
-1 
-1 
-1 
-1 
-1 
-1 
179 
-1 
-1 
-1 
-1 
-1 
-1 
-1 
-1 
-1 
-1 
-1 
-1 
-1 
-1 
-1 
-1 
-1 
-1 
-1 
-1 
-1 
-1 
-1 
-1 
-1 
-1 
-1 
-1 
-1 
-1 
-1 
-1 
-1 
-1 
-1 
-1 
-1 
-1 
-1 
-1 
-1 
-1 
-1 
-1 
-1 
-1 
-1 
-1 
-1 
-1 
-1 
-1 
-1 
-1 
-1 
407 
63 
298 
654 
317 
723 
523 
536 
346 
817 
134 
139 
165 
333 
